RATE = 0.5 + pd[x] (averaged for ALT)--------
--params--
other_parameters(10, [0.2659832184041652, 0.158154567898778, 0.11668453387439633, 0.09403926870770386, 0.07954753629319324, 0.06938103894710407, 0.06180600983730833, 0.055916083718427094, 0.051188494248522606, 0.047299248070401284], 30, 0.34698291662900094, 0.4886664133121402, 1)
--netparams--
network_parameters(32, 1, 5.0, 3.7, 29.67413253642086, 59.34826507284172, 1.0)
--constparams--
constraint_parameters(1.0, 500.0, 4, 2)
--ALT--
[437.33275217553125, 385.13922924416636, 303.38244152114095, 241.95348548743254, 183.85501458763216, 173.01826955220196, 173.01507943339982, 125.3928503516729, 101.56023211797701, 84.34481131148502, 319.99990187232737, 81.34453482197335, 81.3754536546462, 79.45109237898359, 645.5518772322529, 734.0739600523608, 302.1772294481098, 305.56873827116937, 426.63832444314505, 63.87740979036239]
--POLRU--
[442.48073622953103, 387.3740047044081, 369.831407599227, 290.35102660194383, 221.85714697634782, 299.03971444423064, 299.03971444423064, 211.79065912841293, 171.79004659579925, 152.55385760247637, 152.55385760247637, 149.92447609998823, 149.92447609998823, 210.54988207433777, 170.2112595514083, NaN, 294.2102667328955, 299.0115238810997, 340.55362800877845, 340.55362800877845]
--POLFU--
[442.52049729376165, 387.24836970895535, 369.7477536777312, 289.90811252119454, 221.36546797792187, 295.77267430095117, 295.77267430095117, 208.10389940893594, 169.0144854990574, 149.6571715968645, 149.6571715968645, 146.9293878319407, 146.9293878319407, 202.49133585563487, 162.7840495226581, 199.2393855704304, 274.9487958021228, 277.3734294909025, 314.38830256658383, 314.38830256658383]
--POFIFO--
[443.59487210735347, 388.43434899917656, 377.4035207487209, 295.14591106803243, 225.68764290971495, 311.6424375408398, 311.6424375408398, 219.88859707714346, 178.3008493958155, 158.67222267252214, 158.67222267252214, 156.034780670077, 156.034780670077, 222.8452722069134, 178.17208744232718, 224.89805711934426, 313.9561351195764, 319.47664552561406, 367.9886265342284, 367.9886265342284]
--------
--params--
other_parameters(10, [0.2659832184041652, 0.158154567898778, 0.11668453387439633, 0.09403926870770386, 0.07954753629319324, 0.06938103894710407, 0.06180600983730833, 0.055916083718427094, 0.051188494248522606, 0.047299248070401284], 30, 0.34698291662900094, 0.4886664133121402, 1)
--netparams--
network_parameters(32, 1, 5.0, 3.7, 29.67413253642086, 59.34826507284172, 1.0)
--constparams--
constraint_parameters(1.0, 500.0, 4, 2)
--ALT--
[421.31559340070646, 351.6719408929696, 282.690163652863, 230.8302448947712, 171.1180752707738, 141.0982273925516, 118.21933339113248, 117.91268295879397, 97.94180847921587, 98.2517229626282, 92.1717690179057, 83.29306793008075, 83.01204614622048, 83.53470564232572, 70.34409995909532, 66.99223579246383, 64.08864477805629, 64.76129207874297, 60.33527174978638, 56.08898884681304]
--POLRU--
[426.5259948739827, 353.9840966408675, 362.85824192905204, 379.7493613277759, 251.22605910668466, 163.02444279610333, 142.51731892193433, 142.51731892193433, 121.52478683244735, 121.52478683244735, 115.83773312785374, 106.13726071143867, 106.13726071143867, 148.69031556172615, 134.34801516984552, 130.1233452665089, 156.72768726611602, 156.72768726611602, 201.16441968861633, 196.87117359998607]
--POLFU--
[426.5705712164422, 354.0239859743859, 360.03261693785373, 374.36921455339535, 247.63268031307803, 161.0167162517786, 140.38929166970416, 140.38929166970416, 119.29185411047092, 119.29185411047092, 113.44865416511784, 103.89853519064138, 103.89853519064138, 143.13057464012937, 128.948414435343, 124.33256012527461, 148.43458232147955, 148.43458232147955, 188.0369366093297, 183.8995486759525]
--POFIFO--
[427.48997602835226, 354.90617408817366, 369.2932053226606, 392.0249882353266, 257.42031220276476, 164.95213069932163, 144.33369545366236, 144.33369545366236, 123.00724526942544, 123.00724526942544, 117.29869420655346, 107.58169579938553, 107.58169579938553, 151.98796984099658, 137.44029885834127, 132.96832710437505, 161.63356289632895, 161.63356289632895, 209.24168843181033, 204.28676432662175]
--------
--params--
other_parameters(10, [0.2659832184041652, 0.158154567898778, 0.11668453387439633, 0.09403926870770386, 0.07954753629319324, 0.06938103894710407, 0.06180600983730833, 0.055916083718427094, 0.051188494248522606, 0.047299248070401284], 30, 0.34698291662900094, 0.4886664133121402, 1)
--netparams--
network_parameters(32, 1, 5.0, 3.7, 29.67413253642086, 59.34826507284172, 1.0)
--constparams--
constraint_parameters(1.0, 500.0, 4, 2)
--ALT--
[567.7246339695293, 450.1104758573919, 359.8946325771984, 252.55055111197444, 172.39321503308167, 113.16530990054486, 108.89705444139405, 87.794488210659, 87.05041505234648, 87.03902339624557, 87.03942686636341, 87.0350630293333, 1899.1210653628432, 77.37550412894586, 74.44494585760407, 1678.975150910441, 189.65380920319487, 71.63710426667214, 64.69556978726082, 59.79752638924655, 60.02816867465001, 2826.131800220921, 56.82402673207958, 53.77662570123503, 132.68974526163564]
--POLRU--
[572.9688803393005, 451.69203643132664, 362.3790952597428, 255.92549654494903, 177.16709910230463, 118.25160578802362, 114.13202225886283, 93.27082606227768, 99.89079222185416, 99.89079222185416, 99.89079222185416, 99.89079222185416, 149.96150575959766, 225.54458445642445, 222.6727855423668, 222.6727855423668, 207.80642270135232, 254.45356119601746, 247.31220089249373, 244.37815281433993, 295.63960009615073, 299.2417960180605, 343.3849514869161, 306.5000104156043, 294.90960887191693]
--POLFU--
[572.823614945956, 451.5877068603172, 362.17135602288835, 255.6542903139208, 176.81928198989866, 117.83515589318027, 113.62844406424301, 92.60819257464715, 98.93554784368033, 98.93554784368033, 98.93554784368033, 98.93554784368033, 147.2611361404884, 217.86693249892107, 215.4003841740987, 215.4003841740987, 198.86090439925283, 236.51591368059076, 228.69874854049894, 225.53056725953445, 262.8938264555484, 261.67277295260186, 301.09088780424094, 269.86565246168976, 258.50927485741585]
--POFIFO--
[573.8112075741569, 452.53522332266004, 363.1152812937396, 256.70410408075253, 178.00991172523698, 118.95797002515623, 114.76081887360819, 93.81936306082407, 100.7074771296302, 100.7074771296302, 100.7074771296302, 100.7074771296302, 156.6565908552994, 238.04607212023254, 235.3132094363222, 235.3132094363222, 217.94980599213417, 268.1603856863145, 259.96036684629644, 259.2386423242145, 314.7613336698386, 320.3851338750044, 363.2559599715935, 319.18275583493084, 306.5343348915517]--------
--params--
other_parameters(10, [0.2659832184041652, 0.158154567898778, 0.11668453387439633, 0.09403926870770386, 0.07954753629319324, 0.06938103894710407, 0.06180600983730833, 0.055916083718427094, 0.051188494248522606, 0.047299248070401284], 21, 0.34698291662900094, 0.4886664133121402, 1)
--netparams--
network_parameters(32, 10, 5.0, 3.7, 29.67413253642086, 59.34826507284172, 1.0)
--constparams--
constraint_parameters(1.0, 500.0, 4, 2)
--ALT--
[53.27383279334087, 38.197281528823595, 37.76734671848305, 37.75414769335856, 37.76526433182994, 2301.833699349992, 34.440708962806625, 35.633071742709326, 36.08995744131176, 952.1717883801952, 33.06692045861556, 29.659810610372034, 28.114701288822353, 28.11345764806503, 1164.304145694433, 27.462923699400747]
--POLRU--
[169.4138444056188, 135.540273015496, 135.540273015496, 135.540273015496, 135.540273015496, 131.50737362425846, 161.93513358594703, 160.440214482052, 160.440214482052, 157.29282757557448, 157.29282757557448, 148.3599818554914, 180.3320729646139, 180.3320729646139, 246.25327790701812, 246.25327790701812]
--POLFU--
[158.37232537303413, 122.68579052052797, 122.68579052052797, 122.68579052052797, 122.68579052052797, 118.69699209391071, 147.9294073044801, 144.23493492110026, 144.23493492110026, 142.50098350625157, 142.50098350625157, 133.3113758686499, 160.3435469226017, 160.3435469226017, 217.81544980376856, 217.81544980376856]
--POFIFO--
[175.57483733455345, 141.0660863018875, 141.0660863018875, 141.0660863018875, 141.0660863018875, 136.81673775298086, 167.71339158718416, 167.63652159321293, 167.63652159321293, 162.26150043975898, 162.26150043975898, 152.55253842914416, 185.5405388340556, 185.5405388340556, 253.65556152097946, 253.65556152097946]
--------
--params--
other_parameters(10, [0.2659832184041652, 0.158154567898778, 0.11668453387439633, 0.09403926870770386, 0.07954753629319324, 0.06938103894710407, 0.06180600983730833, 0.055916083718427094, 0.051188494248522606, 0.047299248070401284], 30, 0.34698291662900094, 0.4886664133121402, 1)
--netparams--
network_parameters(32, 1, 5.0, 3.7, 29.67413253642086, 59.34826507284172, 1.0)
--constparams--
constraint_parameters(1.0, 500.0, 4, 2)
--ALT--
[609.9463327621902, 415.3608063348393, 345.30598647821887, 257.5589134396606, 213.52776630947483, 188.62905167756023, 170.82309670068054, 143.61762222049921, 140.4340824370652, 102.14088048610813, 93.14409024312114, 84.90687776681258, 84.91992235926017, 85.10018547733036, 85.14486487356092, 85.15221702225746, 82.06299934677645, 75.96553356339082, 72.44588809438244, 72.43225088488475, 72.8983974358253, 65.19977831716808, 1685.6060560756875, 2619.845199305604, 4448.195786313291]
--POLRU--
[615.6542765251463, 417.6024981525879, 401.2945280851886, 482.93026066306993, 438.6616453302942, 381.6584338733046, 334.37562039467053, 281.7945217749167, 270.5561327433026, 143.54173947923871, 134.31323763042258, 125.99263088858515, 125.99263088858515, 157.54647962154556, 157.54647962154556, 157.54647962154556, NaN, 226.58778711253618, 222.2723254581893, 222.2723254581893, 243.83609319422374, NaN, NaN, NaN, NaN]
--POLFU--
[615.6231455616603, 417.520193433268, 399.38136535354204, 481.52362913005146, 435.69056408955845, 378.8826059232058, 332.6742347098397, 278.53342236189565, 267.324299004698, 139.91965971161238, 130.73891235027472, 122.32666603185064, 122.32666603185064, 149.6827486208289, 149.6827486208289, 149.6827486208289, NaN, 212.1977053384662, 207.8616397730881, 207.8616397730881, 227.804335123168, NaN, NaN, NaN, NaN]
--POFIFO--
[616.6953228103796, 418.7382358818445, 405.8964681654859, 505.44420460123257, 462.78482636487854, 401.5113937581302, 351.52211452404634, 294.9588658147704, 282.016736721372, 144.85227740031826, 135.51471786909494, 127.39332616922269, 127.39332616922269, 160.7602826932246, 160.7602826932246, 160.7602826932246, NaN, 234.65166812470179, 230.4769873307688, 230.4769873307688, 253.0308794556851, NaN, NaN, NaN, NaN]
--------
--params--
other_parameters(10, [0.2659832184041652, 0.158154567898778, 0.11668453387439633, 0.09403926870770386, 0.07954753629319324, 0.06938103894710407, 0.06180600983730833, 0.055916083718427094, 0.051188494248522606, 0.047299248070401284], 20, 0.34698291662900094, 0.4886664133121402, 1)
--netparams--
network_parameters(22, 1, 5.0, 3.7, 29.67413253642086, 59.34826507284172, 1.0)
--constparams--
constraint_parameters(1.0, 500.0, 4, 2)
--ALT--
[188.32924964320668, 143.03400706788952, 95.92867087925113, 86.69474129892306, 74.54313263758839, 62.480977134408114, 53.66809998276097, 53.685195749272346, 53.67753742088149, 46.10016543408627, 46.1475011222543, 42.37648596554408, 40.869292723809494, 39.82665030144377, 38.62936835828586]
--POLRU--
[191.6086709915327, 178.78222169321413, 125.86870674915399, 110.45206404024083, 113.36862793732138, 100.54641461605422, 67.66968186428983, 67.66968186428983, 67.66968186428983, 60.47278491419411, 60.47278491419411, 54.591853624894135, 54.43347275770401, 52.64382129156414, 53.6693467553666]
--POLFU--
[191.58957699924372, 176.69573937401896, 124.10496308938838, 108.96017230885649, 109.67944764471578, 96.82586667108569, 65.10208288425947, 65.10208288425947, 65.10208288425947, 58.149562415250664, 58.149562415250664, 52.289162376923215, 52.21229571299254, 50.937484903867535, 49.687301028880356]
--POFIFO--
[192.14731946718675, 179.96370442931882, 126.6873164480553, 111.00618711092578, 114.8541325641901, 102.08121173870428, 67.85544057880392, 67.85544057880392, 67.85544057880392, 60.54221660939964, 60.54221660939964, 54.64150243195501, 54.16837520628978, 52.909452403222694, 53.703921774272345]
--------
--params--
other_parameters(10, [0.2659832184041652, 0.158154567898778, 0.11668453387439633, 0.09403926870770386, 0.07954753629319324, 0.06938103894710407, 0.06180600983730833, 0.055916083718427094, 0.051188494248522606, 0.047299248070401284], 20, 0.34698291662900094, 0.4886664133121402, 1)
--netparams--
network_parameters(22, 1, 5.0, 3.7, 29.67413253642086, 59.34826507284172, 1.0)
--constparams--
constraint_parameters(1.0, 500.0, 4, 2)
--------
--params--
other_parameters(10, [0.2659832184041652, 0.158154567898778, 0.11668453387439633, 0.09403926870770386, 0.07954753629319324, 0.06938103894710407, 0.06180600983730833, 0.055916083718427094, 0.051188494248522606, 0.047299248070401284], 20, 0.34698291662900094, 0.4886664133121402, 1)
--netparams--
network_parameters(22, 1, 5.0, 3.7, 29.67413253642086, 59.34826507284172, 1.0)
--constparams--
constraint_parameters(1.0, 500.0, 4, 2)
--------
--params--
other_parameters(10, [0.2659832184041652, 0.158154567898778, 0.11668453387439633, 0.09403926870770386, 0.07954753629319324, 0.06938103894710407, 0.06180600983730833, 0.055916083718427094, 0.051188494248522606, 0.047299248070401284], 20, 0.34698291662900094, 0.4886664133121402, 1)
--netparams--
network_parameters(22, 1, 5.0, 3.7, 29.67413253642086, 59.34826507284172, 1.0)
--constparams--
constraint_parameters(1.0, 500.0, 4, 2)
--ALT--
[184.45473992599187, 181.16500483443502, 125.25504115090044, 104.32743041914058, 82.73228273221423, 70.6820176024161, 54.82848867217524, 54.832855114982515, 41.92681338535012, 41.94545750938854, 39.51837941103972, 39.01744883151514, 36.007482663313844, 36.01753738196985, 36.101186133662466, 31.391437281616312, 30.458437701913432, 26.37346541079007, 26.266337858059522, 26.122187930412494]
--POLRU--
[188.13334626978826, 209.11482556024055, 145.75390159146437, 124.67094987923177, 102.43923634617968, 90.0176446876999, 66.47063146871528, 66.47063146871528, 79.7080480246153, 79.7080480246153, 77.33731457917871, 73.50554262890275, 60.16408868709031, 60.16408868709031, 60.16408868709031, 74.67483157919808, 73.24552463166036, 90.16899645718058, 100.99298438205118, 116.42271715489427]
--POLFU--
[188.06718198999465, 207.80341080708632, 144.71419915294052, 123.60118408080294, 101.31364500793798, 88.85507547660347, 65.52155973600037, 65.52155973600037, 77.57746170094903, 77.57746170094903, 75.0497192888558, 71.52258143803226, 58.86149932959632, 58.86149932959632, 58.86149932959632, 71.29669393859744, 68.45017173064588, 82.59126760251378, 91.74810732974031, 103.14170164096899]
--POFIFO--
[188.91263901115377, 211.6300480201376, 147.57122183316775, 126.35188636635927, 103.94052588857225, 91.41681592221316, 66.98771388594439, 66.98771388594439, 80.75774444758673, 80.75774444758673, 78.25783064960703, 74.52931224783778, 60.44442379961886, 60.44442379961886, 60.44442379961886, 75.59882971716318, 74.3963634625495, 92.00946507608349, 103.059626706586, 118.92090963611106]
--------
--params--
other_parameters(10, [0.2659832184041652, 0.158154567898778, 0.11668453387439633, 0.09403926870770386, 0.07954753629319324, 0.06938103894710407, 0.06180600983730833, 0.055916083718427094, 0.051188494248522606, 0.047299248070401284], 20, 0.34698291662900094, 0.4886664133121402, 1)
--netparams--
network_parameters(22, 1, 5.0, 3.7, 29.67413253642086, 59.34826507284172, 1.0)
--constparams--
constraint_parameters(1.0, 500.0, 8, 4)
--ALT--
[212.49344991527875, 181.39774895273027, 131.50843229024755, 105.10318747734647, 65.0772231746906, 47.17083018433963, 40.997100322967654, 40.99935710073815, 41.00668973402636, 35.247706053061556, 32.97068056393271, 31.29446405196373, 26.911150775059255, 27.426964558217087, 26.612927388378644, 26.789290472729856, 26.916863625771654, 26.914820137618953, 26.873418257622422, 24.925063750236504]
--POLRU--
[214.64956743063536, 218.46527732132256, 163.91830829149976, 162.42626609431602, 97.52943743155133, 63.95572921684189, 53.77315862971528, 53.77315862971528, 53.77315862971528, 48.052581546818686, 73.05205188332386, 71.49027664072186, 66.56786358765703, 74.26485891987758, 77.48845916609963, 91.91322369203414, 114.64071656306943, 114.64071656306943, 114.64071656306943, NaN]
--POLFU--
[214.53916254159282, 218.65230784420302, 163.98349209658983, 159.92684191280466, 94.35756476170428, 62.29356644895821, 52.71723078192688, 52.71723078192688, 52.71723078192688, 46.82979436476428, 66.35551446628129, 64.64627873365846, 59.819612575532844, NaN, 66.61952135603, 75.37292889674595, NaN, NaN, NaN, NaN]
--POFIFO--
[214.87162211857347, 222.13496999787733, 166.9813116025107, 167.29466032326116, 99.37737971992912, 65.21285744254347, 54.91034367314013, 54.91034367314013, 54.91034367314013, 49.1707230070398, 74.61895828607334, 72.8384108289747, 68.07142054391984, 73.89719949197257, 77.54354973805687, 92.91770709620043, 118.66806457498815, 118.66806457498815, 118.66806457498815, 115.31908173124434]
--------
--params--
other_parameters(10, [0.2659832184041652, 0.158154567898778, 0.11668453387439633, 0.09403926870770386, 0.07954753629319324, 0.06938103894710407, 0.06180600983730833, 0.055916083718427094, 0.051188494248522606, 0.047299248070401284], 20, 0.34698291662900094, 0.4886664133121402, 1)
--netparams--
network_parameters(22, 1, 5.0, 3.7, 29.67413253642086, 59.34826507284172, 1.0)
--constparams--
constraint_parameters(1.0, 500.0, 8, 4)
--------
--params--
other_parameters(10, [0.2659832184041652, 0.158154567898778, 0.11668453387439633, 0.09403926870770386, 0.07954753629319324, 0.06938103894710407, 0.06180600983730833, 0.055916083718427094, 0.051188494248522606, 0.047299248070401284], 20, 0.34698291662900094, 0.4886664133121402, 1)
--netparams--
network_parameters(22, 1, 5.0, 3.7, 29.67413253642086, 59.34826507284172, 1.0)
--constparams--
constraint_parameters(1.0, 500.0, 8, 4)
--------
--params--
other_parameters(10, [0.2659832184041652, 0.158154567898778, 0.11668453387439633, 0.09403926870770386, 0.07954753629319324, 0.06938103894710407, 0.06180600983730833, 0.055916083718427094, 0.051188494248522606, 0.047299248070401284], 20, 0.34698291662900094, 0.4886664133121402, 1)
--netparams--
network_parameters(22, 1, 5.0, 3.7, 29.67413253642086, 59.34826507284172, 1.0)
--constparams--
constraint_parameters(1.0, 500.0, 8, 4)
--ALT--
[201.05748569333196, 156.31850029111064, 132.94164124903637, 94.22167806505807, 89.79986874277323, 69.52958851704261, 54.28673345564609, 45.3819404198263, 36.660114856968086, 36.51518910554672, 33.496442584114966, 31.083557427169367, 31.080729522975115, 29.16717666732815, 27.45737801103472, 27.979804755890317, 27.98415410121649, 27.981494662139024, 27.20788328569202, 24.608750456674013]
--POLRU--
[201.59072473091362, 189.32156824059828, 198.63641429689454, 139.10013999649067, 113.92652631767908, 77.44265897502711, 60.81185033554564, 51.61543840638819, 42.552405252439065, 44.39495894241238, 41.71784571708713, 39.27206122278063, 39.27206122278063, 37.38247952691262, 35.624127181737265, 35.28964651004375, 35.28964651004375, 35.28964651004375, 57.595651560595016, 61.034308037103784]
--POLFU--
[201.48036846875678, 185.66471428583048, 191.16378557415428, 130.51417803182346, 111.20184069237463, 75.13445789589022, 59.091278476799836, 49.92342565360961, 40.99747140911544, 42.31653512457917, 39.613547511093756, 37.06495664166119, 37.06495664166119, 35.2464650182819, 33.45417322206908, 33.496008491148224, 33.496008491148224, 33.496008491148224, 52.444708346069326, 54.363050113145704]
--POFIFO--
[201.8887410963647, 192.95713832502187, 202.99844141389963, 142.66866236823563, 116.27406575246094, 77.82610963997995, 61.27098756785892, 51.88928090829144, 42.962813700129125, 44.78209795555672, 42.19612224258146, 39.548713250285985, 39.548713250285985, 37.86660979569262, 36.14352554047876, 35.5203055879772, 35.5203055879772, 35.5203055879772, 60.03102111492876, 64.34881479073542]
--------
--params--
other_parameters(10, [0.14358314856381882, 0.12073855491815678, 0.10909960013700375, 0.10152861801359177, 0.0960198385600431, 0.0917414626608201, 0.08827321870047716, 0.08537505093329303, 0.08289776947441484, 0.08074273803838064], 33, 0.3741462848662341, 0.8699083573954718, 1)
--netparams--
network_parameters(35, 1, 5.0, 3.7, 29.67413253642086, 148.3706626821043, 1.0)
--constparams--
constraint_parameters(1.0, 400.0, 4, 2)
--------
--params--
other_parameters(10, [0.14358314856381882, 0.12073855491815678, 0.10909960013700375, 0.10152861801359177, 0.0960198385600431, 0.0917414626608201, 0.08827321870047716, 0.08537505093329303, 0.08289776947441484, 0.08074273803838064], 33, 0.3741462848662341, 0.8699083573954718, 1)
--netparams--
network_parameters(35, 1, 5.0, 3.7, 29.67413253642086, 148.3706626821043, 1.0)
--constparams--
constraint_parameters(1.0, 400.0, 4, 2)
--ALT--
[569.9144711921493, 392.20424370965867, 468.2175970343449, 483.4532583105713, 2296.9684740413004, 530.3878527772027, 464.60466676617216, 480.5377651637713, 435.51321481425384, 348.9970796319259, 313.7361482376463, 224.23000791163165, 766.7426967463524, 759.4891189447086, 208.30963105057958, 221.05390049469634, 80.63308712597701, 322.46470387037704, 312.106076372256, 577.6740526278852, 248.16240292756214, 249.41647363725363, 247.11064414933676, 128.7204331045654, 432.4126216694295]
--POLRU--
[573.1693825999974, 396.754822803417, 564.6708837872399, 554.3833860649295, 548.638201118195, 817.7914203345415, 812.6854188248165, 830.4873035711855, 830.4873035711855, NaN, 694.7718142020406, 698.2990469019445, 700.9564067375998, 726.1230725575998, 695.7150190757765, 707.4121511419075, 695.7483344597512, 620.7608678513997, 612.5170792206152, 561.0252209942946, 548.306966371891, 548.306966371891, 538.9807681351563, 491.1890849280896, 498.5732418653786]
--POLFU--
[573.2211068499872, 396.65650614112167, 559.8545528544397, 550.6509141403709, 544.8244875667282, 810.106233266047, 804.1898332024108, 822.9710022213898, 822.9710022213898, 673.5008171341807, 683.245603443572, 688.2972870524005, 687.5063555355631, 715.294893820989, 680.3429795398657, 690.8570405616721, 675.2911746007725, 589.9113737891901, 581.3405840484515, 539.7162877502788, 528.128708152984, 528.128708152984, 518.6207602865255, 465.78410900481913, 480.753937942962]
--POFIFO--
[573.6319216793902, 397.12517336401703, 572.307196930336, 562.7545446204089, 556.5665576966186, 835.2498120708899, 825.9321861314166, 842.5943746027733, 842.5943746027733, 691.7154035425391, 701.2959569100101, 705.5115712157054, 707.9480060165456, 738.0369703166388, 703.7111829767736, 715.0040263415112, 700.1912531242147, 624.6561094060365, 616.8064138516011, 567.0383813997473, 556.9494909352493, 556.9494909352493, 547.6541920227777, 496.96502926924325, 504.98502333890343]
--------
--params--
other_parameters(10, [0.14358314856381882, 0.12073855491815678, 0.10909960013700375, 0.10152861801359177, 0.0960198385600431, 0.0917414626608201, 0.08827321870047716, 0.08537505093329303, 0.08289776947441484, 0.08074273803838064], 33, 0.3741462848662341, 0.8699083573954718, 1)
--netparams--
network_parameters(35, 1, 5.0, 3.7, 29.67413253642086, 148.3706626821043, 1.0)
--constparams--
constraint_parameters(1.0, 400.0, 4, 2)
--ALT--
[869.7514394290037, 721.7842126440346, 789.2196936643242, 567.6387825544593, 534.8504511702057, 1058.9720369630327, 468.8657736107175, 369.6611520881955, 300.10157770979447, 287.36430016870645, 449.0072874779524, 863.1057825119318, 553.7598677590498, 743.5005401377131, 161.72528567601427, 977.6825877326031, 1248.0308646764317, 730.8553613620408, 793.1790338354976, 549.4005561159872, 604.2044911976451, 606.3294391032082, 573.4300158866662, 540.7551474693773, 315.63667879855046]
--POLRU--
[1014.747934292122, 825.891362586334, 755.3381407938386, 811.3971722895543, 749.2740240724728, 744.4755159738836, 790.1234273459246, 764.9596596788939, 719.826941134877, 714.9198702725032, 709.5559186761343, 711.691607728968, 657.508487207718, 671.9148257464927, 651.5000673766399, 651.5000673766399, 648.750960218755, 603.0135047630727, 603.0135047630727, 602.4726372331337, 564.3254628330583, 540.701250762805, 534.8564713062937, 534.8564713062937, 510.0537847051875]
--POLFU--
[1013.190844832011, 823.504791240184, 750.6175622191357, 808.3939250355318, 742.4192009164223, 736.1745928452642, 779.539205974548, 742.998772163059, 695.9802782106822, 794.9086024136885, 690.0967160368907, 692.586872602607, 639.2499389255876, 647.6969330442175, 625.5457895174223, 625.5457895174223, 619.7874116116108, 576.0617537121536, 576.0617537121536, 572.9177309676905, 537.13297170076, 512.7911024546453, 506.1522596245665, 506.1522596245665, 482.1342678954617]
--POFIFO--
[1018.2797551944417, 826.2926430375993, 763.101616956223, 821.8228588633739, 759.0090358260101, 753.0740491096809, 797.2172433037487, 769.8882172662135, 719.5584270212904, 716.5573823057298, 710.042250256833, 714.167098641044, 661.8024818042743, 675.5286355112703, 658.8529027107501, 658.8529027107501, 657.1292368414589, 609.3338259985472, 609.3338259985472, 609.7189148153002, 569.7295014188261, 547.173728541185, 539.7831489180179, 539.7831489180179, 515.3989050528763]
--------
--params--
other_parameters(10, [0.14358314856381882, 0.12073855491815678, 0.10909960013700375, 0.10152861801359177, 0.0960198385600431, 0.0917414626608201, 0.08827321870047716, 0.08537505093329303, 0.08289776947441484, 0.08074273803838064], 33, 0.3741462848662341, 0.8699083573954718, 1)
--netparams--
network_parameters(35, 1, 5.0, 3.7, 29.67413253642086, 148.3706626821043, 1.0)
--constparams--
constraint_parameters(1.0, 400.0, 4, 2)
--ALT--
[607.879023540407, 549.244956785959, 959.4892061793037, 501.7837552591192, 592.9494780443728, 479.1940994571086, 669.4684388393446, 576.6502292652257, 2062.518552508058, 552.0845341906297, 2813.1993260739914, 264.13239839267425, 146.0712199497382, 136.7110242676313, 122.51109462171385]
--ALT (RCF)--
--------
--params--
other_parameters(10, [0.14358314856381882, 0.12073855491815678, 0.10909960013700375, 0.10152861801359177, 0.0960198385600431, 0.0917414626608201, 0.08827321870047716, 0.08537505093329303, 0.08289776947441484, 0.08074273803838064], 33, 0.3741462848662341, 0.8699083573954718, 1)
--netparams--
network_parameters(35, 1, 5.0, 3.7, 29.67413253642086, 148.3706626821043, 1.0)
--constparams--
constraint_parameters(1.0, 400.0, 4, 2)
--ALT--
[629.1161847125601, 766.1160199537908, 764.9276731570613, 517.1478390491143, 472.37598649736816, 444.28129078768177, 411.34133902152166, 377.4610266482356, 305.4286995229804, 895.8806994605679, 248.10841932613897, 255.3253949977873, 201.0416278899813, 310.52770199000486, 175.13607940324835]
--ALT (RCF)--
[632.8572544132726, 711.5810364513172, 686.0708407884883, 508.439746082989, 461.5779770727189, 432.8819919455975, 403.24151766534874, 350.5419228015767, 276.43054866985256, 247.98834283137194, 209.96278001436343, 172.4259840639311, 169.88966321106034, 153.98249687436928, 169.10783235416827]
--POLRU--
[632.7157448930506, 998.3113996126484, 1041.8317154429212, 796.2093392190494, 731.7665264635095, 718.5668951603094, 762.5786533850433, 747.8427133108801, 695.7460602472548, 661.5856075104242, 658.5159788440353, 661.282371996445, 664.8532683642635, 612.2698456273869, 602.8935370288691]
--POLFU--
[632.7694270007678, 1000.6494765165698, 1043.3216201734251, 792.3501943704649, 726.9475513110713, 713.4205505496824, 749.9786783680258, 735.2358284150184, NaN, 651.6439993362202, 650.1100143769011, 652.4789966554947, 654.6554426274323, 608.0403318229875, 597.0035812928429]
--POFIFO--
[633.1376147633763, 1006.1109958589046, 1053.3214396124222, 807.1604390946834, 926.8747724523887, 727.7029161255728, 774.9667802028614, 760.1281742342081, 701.9929908827211, 672.1188632639934, 671.3274750171768, 674.7796516160346, 680.1334077481386, 623.2174355211021, 615.3153060946438]
--------
--params--
other_parameters(10, [0.14358314856381882, 0.12073855491815678, 0.10909960013700375, 0.10152861801359177, 0.0960198385600431, 0.0917414626608201, 0.08827321870047716, 0.08537505093329303, 0.08289776947441484, 0.08074273803838064], 33, 0.4886664133121402, 1.3668878992254958, 1)
--netparams--
network_parameters(35, 1, 5.0, 3.7, 29.67413253642086, 148.3706626821043, 1.0)
--constparams--
constraint_parameters(1.0, 200.0, 4, 2)
--------
--params--
other_parameters(10, [0.14358314856381882, 0.12073855491815678, 0.10909960013700375, 0.10152861801359177, 0.0960198385600431, 0.0917414626608201, 0.08827321870047716, 0.08537505093329303, 0.08289776947441484, 0.08074273803838064], 29, 0.4886664133121402, 1.3668878992254958, 1)
--netparams--
network_parameters(35, 5, 5.0, 3.7, 29.67413253642086, 148.3706626821043, 1.0)
--constparams--
constraint_parameters(1.0, 200.0, 4, 2)
--ALT--
[359.20611480506045, 280.79930767463696, 352.15146328189417, 315.58974938753846, 332.7069766204299, 318.93911620123964]
--ALT (RCF)--
[360.4515431535324, 283.72711911518115, 368.0457885196432, 300.6208085860553, 310.16684395884425, 286.88716605483694]
--POLRU--
[539.0033791626512, 442.21811406544145, 552.9048850100318, 525.2231576623079, 646.0541804745906, 652.8931997853514]
--POLFU--
[535.4117762008489, 439.1490416924579, 547.0666850698781, 523.6747220679546, 641.041219137579, 651.2856071044781]
--POFIFO--
[543.8294155657139, 445.82552462573057, 557.764479097171, 536.4448459708909, 657.7572992860315, 664.8280124919314]
--------
--params--
other_parameters(10, [0.14358314856381882, 0.12073855491815678, 0.10909960013700375, 0.10152861801359177, 0.0960198385600431, 0.0917414626608201, 0.08827321870047716, 0.08537505093329303, 0.08289776947441484, 0.08074273803838064], 33, 0.4886664133121402, 1.3668878992254958, 1)
--netparams--
network_parameters(35, 1, 5.0, 3.7, 29.67413253642086, 148.3706626821043, 1.0)
--constparams--
constraint_parameters(1.0, 200.0, 4, 2)
--ALT--
[805.7960966256944, 905.6779259670576, 923.8212437312337, 752.8072972247681, 602.5332415493576, 617.2793563463263, 527.2963507688913, 499.29534316371286, 634.0120298192435, 421.5203530453599, 1699.1879205763496, 325.4300876663363, 312.41965145574574, 240.60217287024415, 268.2541384677867, 216.8305874956978, 188.07454900584307, 211.9978544163699, 259.3026151030422, 185.66881218496235, 178.3666778217488, 152.02390261910273, 99.77758232999219, 195.5114644708302, 98.66264120488842]
--ALT (RCF)--
[811.2411088788759, 917.1636433589617, 719.0078751023116, 735.2188307070617, 564.2101011433444, 528.5763399340818, 456.36835130505466, 467.3421761759276, 363.3842509772667, 349.949440593406, 294.14004839835724, 272.3862584757735, 274.9240156125326, 197.74924754959287, 201.1695342483777, 201.83925270518426, 185.5962201100331, 182.61465947669927, 183.48526827720815, 183.31332409222813, 168.68407245968103, 152.78873436368036, 103.8535401880633, 107.67646491356697, 88.64286823289123]
--POLRU--
[810.5627656941092, 1084.0418004849926, 1000.5941186202525, 1076.4673159558974, 906.1901410192605, 915.5796805652786, 870.2210974523671, 885.6858998754886, 903.0095221002251, 890.3103905246572, 903.5523167623126, 888.5192906712967, 855.6422428990736, 815.0938470725059, 783.2581020879054, 762.3422093698229, 721.2858167032424, 708.0827578777795, 689.4249274481896, 686.488012416191, 686.488012416191, 688.9629140361452, 716.7714517482477, 716.7714517482477, 640.8155069913465]
--POLFU--
[810.663003724493, 1086.9267323830911, 1000.469009559494, 1072.1517523867349, 902.0340322591667, 909.4233306145364, 864.4144064600779, 872.5092764970548, 886.3212948725325, 870.5478732536526, 877.5545915596094, 868.8603976035446, 833.3192314801787, 794.6799276608649, 770.9028498897574, 741.7264703111265, 696.3420108251538, 682.3013711210991, 664.8032393290837, 659.6989157982435, 659.6989157982435, 659.5245985185304, 674.4903526207247, 674.4903526207247, 613.3070194941695]
--POFIFO--
[811.2708126040059, 1094.6605018119617, 1011.437013592176, 1095.8227921521545, 920.1523945085594, 930.8016978965933, 882.9414558407849, 898.5043362882741, 919.207595577521, 906.2597122800029, 920.8139299958669, 905.215586410589, 870.1841228502043, 828.6777263433812, 800.503075650938, 779.63225117129, 735.9049270526733, 724.3251401898863, 705.2537479617263, 702.175278116509, 702.175278116509, 704.0650966484561, 735.5096427496061, 735.5096427496061, 650.2481588545226]
--------
--params--
other_parameters(10, [0.14358314856381882, 0.12073855491815678, 0.10909960013700375, 0.10152861801359177, 0.0960198385600431, 0.0917414626608201, 0.08827321870047716, 0.08537505093329303, 0.08289776947441484, 0.08074273803838064], 33, 0.4886664133121402, 1.3668878992254958, 1)
--netparams--
network_parameters(35, 1, 5.0, 3.7, 29.67413253642086, 148.3706626821043, 1.0)
--constparams--
constraint_parameters(1.0, 200.0, 4, 2)
--ALT--
[663.6765200550249, 718.2152157244499, 927.7284106837466, 522.1681376224899, 553.1774523301785, 481.5661266484324, 490.9815280995291, 416.73419422994886, 313.5493061229404, 396.4948880087248, 222.34544273135117, 707.865098919523, 656.0736130934415, 653.7956090015132, 668.3417507092176, 665.485873898768, 399.1561338795182, 388.22577498330037, 395.9773844720727, 86.64111579967899, 600.1459436935918, 101.18112969893988, 83.32784584884695, 154.54112673242182, 99.33054670234587]
--ALT (RCF)--
[666.6802144739481, 730.7441216596648, 783.9285604612362, 504.400684766292, 499.3410414169358, 441.85757516703114, 457.3015027815724, 397.86939043049705, 270.18089557318245, 217.09650976066888, 201.73840525294005, 148.03937957405452, 149.51647222619647, 152.8934732110082, 156.96721276416508, 154.38769500411883, 154.00352475825997, 134.2832137114413, 119.53396005226607, 86.66455803417405, 86.6294093557459, 84.42409588365346, 82.97931840818244, 82.99418821767168, 82.57981213333757]
--POLRU--
[669.9404070531587, 811.5983028793281, 1078.4780351657212, 738.2525453879495, 743.889082573084, 762.1103105812956, 809.9102522555842, 900.359405195989, 684.3364148231591, 874.5761149817828, 887.1575981501546, 779.7719658680383, 706.9698610779244, 673.7577860515312, 673.7577860515312, 685.6706957948054, 672.1409045413254, 654.0437603072758, 661.4894085947486, 610.1205133164717, 610.1205133164717, 590.6385061347876, 590.4039953284018, 594.0367155799147, 594.2396860003045]
--POLFU--
[669.8337941415496, 813.3722582771919, 1077.4600040774164, 734.3845683251152, 739.9489828180356, 754.6448171960557, 800.0672284372591, 883.3966577008005, 675.0564417246741, 842.9398679592856, 856.5236984188344, 758.3385596537076, 686.466367130157, 652.3038706295115, 652.3038706295115, 663.5552849246139, 649.6105010381485, 632.9373936816926, 642.5778568302379, 589.354911489633, 589.354911489633, 563.0679448452856, 561.1325511572695, 552.1629015201456, 551.9024623479457]
--POFIFO--
[670.6142969964427, 817.272473781141, 1099.373561242586, 749.2578492927073, 754.7701427396943, 776.8582234800504, 822.906737166185, 912.7964216642997, 699.6199086349037, 886.5747290936756, 898.912973537481, 797.5128221364367, 724.2748499380235, 686.5050587626082, 686.5050587626082, 699.8537532846228, 685.0552468591756, 667.9190106780541, 673.5792124789527, 621.8687658032628, 621.8687658032628, 601.7784466519583, 603.3799762007051, 607.4535846661345, 607.7806020530354]
--------
--params--
other_parameters(10, [0.14358314856381882, 0.12073855491815678, 0.10909960013700375, 0.10152861801359177, 0.0960198385600431, 0.0917414626608201, 0.08827321870047716, 0.08537505093329303, 0.08289776947441484, 0.08074273803838064], 33, 0.28195049257547417, 0.5390743167185834, 1)
--netparams--
network_parameters(35, 1, 5.0, 3.7, 29.67413253642086, 148.3706626821043, 1.0)
--constparams--
constraint_parameters(1.0, 1000.0, 4, 2)
--ALT--
[679.0252076150059, 519.3449301324031, 467.3137257993603, 477.1135824745508, 315.0445253208455, 348.1402510194797, 274.8677819673852, 268.4221366623743, 260.57421738443884, 208.22536708194684, 257.26799524509903, 253.52806283305029, 314.5709038922512, 339.1318577022519, 272.3156600304214, 198.97386292196916, 228.01739159081825, 192.49342324689576, 234.87501260642335, 193.75911036103076, 3005.3987864798332, 1937.5537963230333, 2209.005939945277, 1848.4794754401046, 558.9978932475483]
--ALT (RCF)--
[681.3110091896569, 522.8684534539847, 491.9145641756302, 443.8038983379751, 333.95027395681984, 361.3592221612718, 277.44229615033896, 273.18082076237073, 265.5918953578385, 208.7806895979021, 240.61726041765343, 217.29832546733869, 232.75617937388753, 197.74263231670034, 207.3790743814451, 176.685991949935, 144.17003821394945, 148.9762293434535, 138.57005798591723, 88.70666967677643, 83.18523616701928, 82.1035834619502, 78.89813640507566, 80.38445836452972, 77.18641458383884]
--POLRU--
[681.0948683989169, 522.4264456725438, 872.414730691401, 835.3899212533788, 819.0893492316758, 787.7431674661722, 642.4217358210483, 662.865523867242, 663.1906125223984, 683.1426669804895, 763.4955092043767, 864.0365136882227, 744.6081046428297, 714.3128231661696, 723.7197074141611, 659.7603383565544, 687.6263647571236, 687.0394105811455, 680.7561135265547, 627.0269437214669, 607.4938658218654, 604.4850055833289, 604.941954147237, 601.5836858255213, 591.4144598631149]
--POLFU--
[681.1010446344102, 522.3658865202844, 863.9590942064706, 826.9303952431504, 812.7906620057704, 780.7318235236069, 636.7308656378972, 657.0221668362636, 653.2961989461974, 669.002048009312, 741.300129786639, 831.976263254437, 716.9104099123413, 683.7216249463906, 690.6346130992755, 627.8420272349895, 649.4081702110154, 645.5050467746661, 638.6480983980148, 592.8481182111591, 575.6506103074, 574.557540138075, 572.9005372126628, 569.1690216530177, 560.5186080683293]
--POFIFO--
[681.4286480815945, 522.7160042628411, 874.7555583638854, 840.6437284318401, 829.3756145061111, 797.9574667444632, 650.5785585207958, 669.1396934715177, 669.3396727502947, 690.519432856732, 771.4732637660156, 867.8996097517402, 747.1941788759854, 718.4980186152771, 728.2865839720649, 663.728368882827, 689.3505311344285, 689.9510272425385, 682.9248399030533, 632.5322932116187, 611.9142893107324, 609.1917437243292, 609.2099133239806, 607.8030334957516, 597.2358383578356]
--------
--params--
other_parameters(10, [0.14358314856381882, 0.12073855491815678, 0.10909960013700375, 0.10152861801359177, 0.0960198385600431, 0.0917414626608201, 0.08827321870047716, 0.08537505093329303, 0.08289776947441484, 0.08074273803838064], 33, 0.19482411672015032, 0.30023202191594334, 1)
--netparams--
network_parameters(35, 1, 5.0, 3.7, 29.67413253642086, 148.3706626821043, 1.0)
--constparams--
constraint_parameters(1.0, 5000.0, 4, 2)
--------
--params--
other_parameters(10, [0.14358314856381882, 0.12073855491815678, 0.10909960013700375, 0.10152861801359177, 0.0960198385600431, 0.0917414626608201, 0.08827321870047716, 0.08537505093329303, 0.08289776947441484, 0.08074273803838064], 20, 0.3741462848662341, 0.8699083573954718, 1)
--netparams--
network_parameters(22, 1, 5.0, 3.7, 29.67413253642086, 148.3706626821043, 1.0)
--constparams--
constraint_parameters(1.0, 400.0, 4, 2)
--ALT--
[243.63135475180567, 315.12151491373186, 286.62238627569366, 246.01141697189146, 233.5875366927611, 165.2016436279721, 154.71354475145415, 154.96474437780824, 108.20999392323921, 82.036430108763]
--ALT (RCF)--
[245.98783610664128, 299.7327418298507, 272.9780587501788, 254.01813250498887, 239.05868157959452, 169.3108848143835, 165.56908046006936, 164.36546278531097, 112.12927289170064, 90.41698004661944]
--POLRU--
[245.91953578517376, 389.2036302927913, 424.54410584006587, 419.31428378834084, 422.4307230482532, 339.96145736430793, 351.28059969321185, 351.28059969321185, 368.29726485689747, 343.12961937558265]
--POLFU--
[245.9361831151026, 389.8644239815684, 420.9603793065681, 413.17352780892986, 416.00006496029545, 332.71171586148625, 341.7517177174134, 341.7517177174134, 355.5792263415735, 327.718963280021]
--POFIFO--
[246.0369810124517, 396.0996643441174, 432.4374646545914, 427.9548759357612, 431.08060731238174, 345.604188996511, 356.496364550907, 356.496364550907, 373.2158079885405, 344.30123151721733]
--------
--params--
other_parameters(10, [0.14358314856381882, 0.12073855491815678, 0.10909960013700375, 0.10152861801359177, 0.0960198385600431, 0.0917414626608201, 0.08827321870047716, 0.08537505093329303, 0.08289776947441484, 0.08074273803838064], 30, 0.3741462848662341, 0.8699083573954718, 1)
--netparams--
network_parameters(32, 1, 5.0, 3.7, 29.67413253642086, 148.3706626821043, 1.0)
--constparams--
constraint_parameters(1.0, 400.0, 4, 2)
--ALT--
[464.1418362724505, 616.2262949529297, 555.6368208351007, 473.3609660454184, 526.2504752717153, 451.3582670573538, 341.4358372381037, 342.24759036902003, 337.8954886570137, 678.0632873912823, 677.4367309737262, 269.0332069239067, 891.9956648515421, 204.6323826106797, 153.49408310029767]
--ALT (RCF)--
[467.15084710244025, 588.0338425944188, 493.26035474346486, 467.3104132269471, 499.2648442156046, 427.85197961430777, 325.19303251836743, 326.98895973786165, 313.49660790469346, 288.14764624310595, 255.70827047847135, 204.3861237689436, 220.1081903124457, 202.86847999940926, 138.6436763810345]
--POLRU--
[466.66544599573956, 750.5413983671389, 807.5951579741643, 634.0280390021112, 772.6540599245236, 679.7653730156403, 521.1853320674892, 521.1853320674892, 555.3911567837573, 608.5432214386296, 609.6617961159258, 569.3496673240343, 578.8785381905153, 532.8839475527021, 476.0660946278038]
--POLFU--
[466.65144611001836, 749.5384881922066, 804.9072942569917, 629.4835517709203, 769.3086475130855, 679.1612906237324, 518.0073539708982, 518.0073539708982, 553.5430396660512, 606.3427323126921, 607.0650320071852, 563.2812851919642, 570.6348910263723, 522.4398996457384, 467.42184912037607]
--POFIFO--
[467.04152187860535, 756.5773178825334, 814.0141323212249, 640.4496542535751, 782.3543349068433, 689.1521692757345, 526.122753006267, 526.122753006267, 561.2912071562235, 614.3074650025926, 614.6343270390211, 573.6715480341304, 586.2567289358068, 537.542105149157, 479.93739121806254]--------
--params--
other_parameters(10, [0.14358314856381882, 0.12073855491815678, 0.10909960013700375, 0.10152861801359177, 0.0960198385600431, 0.0917414626608201, 0.08827321870047716, 0.08537505093329303, 0.08289776947441484, 0.08074273803838064], 30, 0.3741462848662341, 0.8699083573954718, 1)
--netparams--
network_parameters(32, 1, 5.0, 3.7, 29.67413253642086, 148.3706626821043, 1.0)
--constparams--
constraint_parameters(1.0, 400.0, 4, 2)
--------
--params--
other_parameters(10, [0.14358314856381882, 0.12073855491815678, 0.10909960013700375, 0.10152861801359177, 0.0960198385600431, 0.0917414626608201, 0.08827321870047716, 0.08537505093329303, 0.08289776947441484, 0.08074273803838064], 30, 0.3741462848662341, 0.8699083573954718, 1)
--netparams--
network_parameters(32, 1, 5.0, 3.7, 29.67413253642086, 148.3706626821043, 1.0)
--constparams--
constraint_parameters(1.0, 400.0, 4, 2)
--------
--params--
other_parameters(10, [0.14358314856381882, 0.12073855491815678, 0.10909960013700375, 0.10152861801359177, 0.0960198385600431, 0.0917414626608201, 0.08827321870047716, 0.08537505093329303, 0.08289776947441484, 0.08074273803838064], 30, 0.3741462848662341, 0.8699083573954718, 1)
--netparams--
network_parameters(32, 1, 5.0, 3.7, 29.67413253642086, 148.3706626821043, 1.0)
--constparams--
constraint_parameters(1.0, 400.0, 4, 2)
--ALT--
[432.2265450680908, 565.5844312767427, 607.9457346164097, 486.54605578898503, 238.64202669471456, 150.9018399045503, 200.1299749418877, 201.41013594078737, 227.27539723574503, 126.18865166415581, 130.36597866096628, 295.1847842259459, 214.92232220060453, 160.94638552881804, 720.4583549108228]
--ALT (RCF)--
[436.70244507299253, 574.2294146253663, 623.3312458792236, 491.1834355484299, 159.73703797095197, 155.75857521517383, 203.10251911207297, 196.35976295410518, 229.91132180750995, 118.40300468976639, 138.32942893199473, 172.00872547741298, 137.5964892861793, 116.76285972369386, 136.4081597655885]
--POLRU--
[436.45033028855846, 755.9304788753648, 809.472119723465, 746.8625149294488, 449.388150056642, 262.6520138737241, 357.6873020642964, 409.2695061006824, 452.68477617001014, 336.6701339514998, 490.59373851647484, 658.7882886198457, 628.1262453745107, 603.4303213420492, 628.3152859484237]
--POLFU--
[436.4242181626393, 755.9668094772054, 805.4395738742552, 746.9989228278835, 448.22831235066593, 263.7330030950474, 358.02705437950505, 404.9762734870845, 450.4754146519072, 335.72475850018526, 486.82369271251025, 649.2047599478524, 619.0638147998292, 595.9043391873896, 614.4254088299748]
--POFIFO--
[437.03900011199516, 765.9003754483216, 812.5551684812057, 757.3013443085496, 458.0663014834949, 266.1044841546354, 359.3264167783647, 412.31225780730233, 447.6921337120392, 336.579309015183, 498.357939150695, 666.590154912888, 631.4677656098173, 613.3769262239308, 634.2707149177099]
--------
--params--
other_parameters(10, [0.14358314856381882, 0.12073855491815678, 0.10909960013700375, 0.10152861801359177, 0.0960198385600431, 0.0917414626608201, 0.08827321870047716, 0.08537505093329303, 0.08289776947441484, 0.08074273803838064], 30, 0.3741462848662341, 0.8699083573954718, 1)
--netparams--
network_parameters(32, 1, 5.0, 3.7, 29.67413253642086, 148.3706626821043, 1.0)
--constparams--
constraint_parameters(1.0, 400.0, 4, 2)
--------
--params--
other_parameters(10, [0.14358314856381882, 0.12073855491815678, 0.10909960013700375, 0.10152861801359177, 0.0960198385600431, 0.0917414626608201, 0.08827321870047716, 0.08537505093329303, 0.08289776947441484, 0.08074273803838064], 30, 0.3741462848662341, 0.8699083573954718, 1)
--netparams--
network_parameters(32, 1, 5.0, 3.7, 29.67413253642086, 148.3706626821043, 1.0)
--constparams--
constraint_parameters(1.0, 400.0, 4, 2)
--ALT--
[598.9840619827976, 415.2059981664267, 353.8813481429512, 322.1748113504189, 295.3422034844196, 194.8248579778732, 150.81785311008053, 97.05469244341751, 109.15552442155901, 93.4107795328598, 159.60941788672355, 88.4919505048062, 102.62704547791435, 698.5454443806622, 117.79169155090193]
--ALT (RCF)--
[609.8960049091763, 429.5534491218565, 366.20229372326503, 335.4644517275711, 257.8597437932028, 155.20558205501646, 156.8123257506843, 105.95923996094385, 114.57760408931281, 98.1903057743832, 158.29980515618576, 67.95049363197515, 86.5411644381686, 48.49184702467791, 37.290116176436605]
--POLRU--
[701.9396866338825, 549.7635401565037, 569.9999392730961, 460.40379712710535, 448.6266845287336, 366.50086127143885, 194.29542154471991, 183.61577662271705, 230.65827415045842, 205.48941622263771, 292.2808080171351, 506.8987443396605, 565.1407133890117, 524.7917747329938, 572.7265450768541]
--POLFU--
[700.0331900606018, 549.7004002294793, 569.6738475682837, 457.2453379061848, 448.4944762464004, 362.7469380618902, 195.14293058741347, 185.60356327652048, 228.48778076496967, 203.12339724689207, 288.08719587178274, 493.8226042821315, 555.0615558461326, 512.2495580789804, 559.2428431914658]
--POFIFO--
[709.4989880631133, 560.0545692286927, 580.3401438130154, 469.3798846522305, 463.2443787173824, 379.62755241250846, NaN, 183.35192503073645, 235.87557838516304, 210.1644128126308, 296.916164556844, 515.765065443078, 571.506694464498, 526.6962146486534, 582.9845045902858]
--------
--params--
other_parameters(10, [0.14358314856381882, 0.12073855491815678, 0.10909960013700375, 0.10152861801359177, 0.0960198385600431, 0.0917414626608201, 0.08827321870047716, 0.08537505093329303, 0.08289776947441484, 0.08074273803838064], 30, 0.3741462848662341, 0.8699083573954718, 1)
--netparams--
network_parameters(32, 1, 5.0, 3.7, 29.67413253642086, 148.3706626821043, 1.0)
--constparams--
constraint_parameters(1.0, 400.0, 4, 2)
--ALT--
[513.4062915634362, 468.041918862085, 382.6693548047998, 331.7505059721557, 274.1463098927538, 115.6131842951744, 134.54177263499557, 156.96180846639967, 101.41136663628978, 120.09703889531421, 99.25037816562693, 126.82563691464694, 65.29891907078388, 65.48495293359396, 45.66674308689433]
--ALT (RCF)--
[516.4237497435415, 483.19779508239316, 396.63199065056773, 352.58517814019564, 271.7261320653082, 121.64010672587929, 139.70540815558545, 165.2108036462911, 112.22883074314326, 124.02193742048496, 105.19283484058964, 107.29513729382577, 70.26750810428993, 61.96618450485575, 34.52841641199886]
--POLRU--
[515.6608640941491, 581.9777856364182, 498.42743334934926, 487.2669742036298, 381.4931177521342, 146.30728150179203, 175.8026818407526, 180.93840753321953, 224.82688407789192, 244.4962323761269, 367.0155113557804, 585.2984456624404, 574.1525659206172, 478.0753623647433, 534.1254749311406]
--POLFU--
[515.7664315542664, 580.8648002850904, 498.3796221971799, 481.14036837372123, 378.5588329227145, 145.89490569465573, 176.04204030526134, 181.3518779388407, 222.26927530411945, 242.88567225218586, 365.4638279247254, 573.7943577572752, 558.1731719903014, 515.9393003598374, 521.2273732028858]
--POFIFO--
[516.0594779987792, 588.9287644520789, 501.5020906686302, 490.9274148699278, 388.48192906989317, 147.00308157481064, 178.19671083747332, 186.16552610721993, 227.13621849251965, 248.06534104591302, 367.15427751672246, 595.5886449972209, 578.1858609769475, 540.3115755681664, 537.8057516466718]
--------
--params--
other_parameters(10, [0.14358314856381882, 0.12073855491815678, 0.10909960013700375, 0.10152861801359177, 0.0960198385600431, 0.0917414626608201, 0.08827321870047716, 0.08537505093329303, 0.08289776947441484, 0.08074273803838064], 30, 0.3741462848662341, 0.8699083573954718, 8)
--netparams--
network_parameters(32, 1, 5.0, 3.7, 29.67413253642086, 148.3706626821043, 1.0)
--constparams--
constraint_parameters(1.0, 400.0, 4, 2)
--------
--params--
other_parameters(10, [0.14358314856381882, 0.12073855491815678, 0.10909960013700375, 0.10152861801359177, 0.0960198385600431, 0.0917414626608201, 0.08827321870047716, 0.08537505093329303, 0.08289776947441484, 0.08074273803838064], 30, 0.3741462848662341, 0.8699083573954718, 8)
--netparams--
network_parameters(32, 1, 5.0, 3.7, 29.67413253642086, 148.3706626821043, 1.0)
--constparams--
constraint_parameters(1.0, 400.0, 4, 2)
--------
--params--
other_parameters(10, [0.14358314856381882, 0.12073855491815678, 0.10909960013700375, 0.10152861801359177, 0.0960198385600431, 0.0917414626608201, 0.08827321870047716, 0.08537505093329303, 0.08289776947441484, 0.08074273803838064], 30, 0.3741462848662341, 0.8699083573954718, 8)
--netparams--
network_parameters(32, 1, 5.0, 3.7, 29.67413253642086, 148.3706626821043, 1.0)
--constparams--
constraint_parameters(1.0, 400.0, 4, 2)
--------
--params--
other_parameters(10, [0.14358314856381882, 0.12073855491815678, 0.10909960013700375, 0.10152861801359177, 0.0960198385600431, 0.0917414626608201, 0.08827321870047716, 0.08537505093329303, 0.08289776947441484, 0.08074273803838064], 30, 0.3741462848662341, 0.8699083573954718, 8)
--netparams--
network_parameters(32, 1, 5.0, 3.7, 29.67413253642086, 148.3706626821043, 1.0)
--constparams--
constraint_parameters(1.0, 400.0, 4, 2)
--ALT--
[599.3711230798968, 398.5173841591742, 441.1264714537941, 275.770626003347, 299.131149756696, 278.5360999010122, 146.5321236053115, 104.39413994215022, 59.05127900773735, 100.31557877851773, 125.33033149958209, 70.02673244348289, 80.9185619324022, 37.658474784149575, 40.537932028816655]
--ALT (RCF)--
[618.0114349519059, 423.13610164883994, 460.0332107263755, 289.3809376195326, 276.42414580517493, 260.7476455344805, 157.32535052803843, 96.53832369339884, 69.87395628153166, 106.79351935998432, 115.28923537507976, 77.54794349094672, 84.87779958367406, 39.098298256629505, 44.648509101742825]
--SUB--
[863.6810281928871, 413.05201531857085, 439.82850257131935, 449.4811984610499, 319.36079543930344, 344.1089774045633, 148.967749218259, 145.58448228507217, 102.91585017065337, 214.21709204752142, 206.94738909900428, 284.39970408339923, 494.0485318870257, 117.94908472709378, 111.96492433942717]
--POLRU--
[751.3296305451623, 539.2816658086148, 614.5878745256264, 555.1489104806371, 405.8259321021069, 464.5434687839175, 200.71854085410064, 305.9148433100731, 218.71399422845397, 252.37486911429153, 475.9058307455224, 303.10889783898875, 633.7994450344781, 507.1515083349053, 534.3986439866495]
--POLFU--
[751.1694600283124, 538.9727451341713, 610.6903302887763, 553.3170342471079, 405.42311472745945, 457.4004331494791, 197.96997456705097, 304.92389476184644, 217.62996650217505, 249.5469796966775, 463.36820433231753, 296.74692676398854, 613.5336344370226, 503.1800570394142, 529.3042422586285]
--POFIFO--
[755.452311068591, 550.9375920882728, 621.8679152266799, 569.3005464298966, 412.7155173126937, 472.9011725805958, 202.82889604197575, 310.5217004145231, 221.86651766906797, 255.1491785931889, 489.30874968195087, 306.9713470779111, 652.8476198939915, 518.1859905132875, 546.7957237280511]
--------
--params--
other_parameters(10, [0.14358314856381882, 0.12073855491815678, 0.10909960013700375, 0.10152861801359177, 0.0960198385600431, 0.0917414626608201, 0.08827321870047716, 0.08537505093329303, 0.08289776947441484, 0.08074273803838064], 30, 0.3741462848662341, 0.8699083573954718, 1)
--netparams--
network_parameters(32, 1, 5.0, 3.7, 29.67413253642086, 148.3706626821043, 1.0)
--constparams--
constraint_parameters(1.0, 400.0, 4, 2)
--ALT--
[464.6740903755476, 427.31769014414687, 411.0922625734289, 365.80277078173134, 264.12046890935363, 96.74799685057926, 169.510292372211, 196.2096106000278, 134.25063554361077, 94.34337042363566, 124.34319031060946, 174.04784097858868, 79.4217279306366, 71.36035203897069, 33.94451407776265]
--ALT (RCF)--
[464.85538575550174, 427.25929076791687, 410.8536123736057, 364.97543931650114, 199.2323152164938, 99.30633326938667, 168.99259467405224, 151.50484235421553, 136.29892081037474, 85.48244985287229, 126.25507923214059, 159.4787893843377, 52.53123014434025, 52.35483477881198, 34.074919616457514]
--SUB--
[466.572860164693, 445.89654234714055, 417.16260102259946, 1536.3296746515837, 301.9915505178629, 181.13427273466604, 176.66884905338608, 252.23609078170762, 417.7043959532379, 402.82294286831797, 467.7094924113438, 437.1605571556426, 1081.368731514064, 241.24745685123966, 111.16491447548857]
--POLRU--
[467.7621027767654, 514.0095350877478, 556.2837357025436, 486.6506388092642, 413.58203380156397, 152.56772476233164, 237.8488139240577, 331.6386179889138, 245.741765765668, 260.59526281566303, 280.9522598125242, 613.1837069751297, 594.1485370430131, 520.820277211846, 550.4234344971567]
--POLFU--
[467.7466383675829, 515.3045092785015, 556.3658491060824, 486.72440836652066, 406.55358480133606, 151.61243349335192, 235.6984777723857, 332.78264817385667, 243.25791018173683, 257.55412116236346, 277.9933211036845, 600.3203208321988, 575.8610626179786, 506.23055304138603, 543.9566574842809]
--POFIFO--
[468.1154179539284, 519.0993639132904, 566.5479072464008, 497.5885269983769, 419.4016735166508, 153.3290752757308, 240.77055919475112, 338.09729901337914, 246.91002264784169, 263.83204428229806, 283.82209543776514, 622.247212528768, 602.2359330423858, 524.6060838989321, 559.8236318303512]
--------
--params--
other_parameters(10, [0.14358314856381882, 0.12073855491815678, 0.10909960013700375, 0.10152861801359177, 0.0960198385600431, 0.0917414626608201, 0.08827321870047716, 0.08537505093329303, 0.08289776947441484, 0.08074273803838064], 30, 0.3741462848662341, 0.8699083573954718, 1)
--netparams--
network_parameters(32, 1, 5.0, 3.7, 29.67413253642086, 148.3706626821043, 1.0)
--constparams--
constraint_parameters(1.0, 400.0, 4, 2)
--------
--params--
other_parameters(10, [0.14358314856381882, 0.12073855491815678, 0.10909960013700375, 0.10152861801359177, 0.0960198385600431, 0.0917414626608201, 0.08827321870047716, 0.08537505093329303, 0.08289776947441484, 0.08074273803838064], 30, 0.3741462848662341, 0.8699083573954718, 1)
--netparams--
network_parameters(32, 1, 5.0, 3.7, 29.67413253642086, 148.3706626821043, 1.0)
--constparams--
constraint_parameters(1.0, 400.0, 4, 2)
--ALT--
[508.186204096191, 490.33719377426706, 434.7936678289877, 415.63847710958544, 318.96873088933967, 303.3781527772305, 102.74451483832978, 201.3009579404082, 112.23664417777951, 103.91787246340161, 86.08758199737113, 96.8821745818374, 64.0234380071854, 77.13824464091192, 33.751854009039526]
--ALT (RCF)--
[508.7574804081479, 490.459915801756, 434.35996739826624, 414.80248872452336, 199.8363342876664, 267.49325989077045, 103.84507620162267, 166.39480751015327, 101.4281931438322, 100.53944404326441, 87.17355972239983, 98.14000386347296, 60.013266656676606, 51.03887156548583, 33.81327538467676]
--SUB--
[509.5273977391471, 492.0126780917745, 444.8433599381005, 424.604709277856, 285.561838481055, 339.27122060857926, 110.32040207988621, 192.1797110450278, 112.20203094218226, 100.11982376044001, 101.70983641201501, 111.62495737630016, 67.78461843510442, 92.19527222377661, 38.08618085564435]
--POLRU--
[511.12390188663426, 604.1215032677669, 560.5627627562484, 561.314414415672, 392.1320110235554, 443.5253770001428, 180.95831015412085, 305.08997631451473, 227.90554093421386, 204.00980698917988, 300.854895388971, 297.2565616301591, 506.7168178570064, 526.9764100814335, 499.154560087417]
--POLFU--
[511.1165762057277, 602.5757385112151, 554.3321101921583, 556.8676041303743, 389.08431153733574, 443.4674260656178, 180.91351598757151, 302.6399753144344, 222.58901927057548, 203.73897635545325, 295.65145964347937, 293.4048987529123, 494.98454761996766, 521.1131318035899, 491.79563786178846]
--POFIFO--
[511.5296283470184, 610.689768828466, 570.4610755877301, 568.2245192020512, 398.66374087774733, 455.0038128345375, 183.8818230341523, 310.2746635934531, 230.4204769941431, 206.38453792677123, 301.55941701726914, 299.14849402055387, 513.0140233965918, 534.8593462089414, 506.42943197587925]
