--------
--params--
other_parameters(5, [0.3723121794361257, 0.22137814639380524, 0.16333012802053015, 0.13163223339881358, 0.11134731275072539], 8, 0.6780815259918228, 1.1715728414583613, 1)
--netparams--
network_parameters(10, 1, 5.0, 3.7, 29.67413253642086, 59.34826507284172, 1.0)
--constparams--
constraint_parameters(1.0, 100.0, 4, 2)
--ALT--
[48.000295769601614, 40.95160060403279, 37.37617113124693]
--POLRU--
[49.46859807379091, 42.434038257496816, 38.86938182606835]
--POLFU--
[49.14956684711689, 42.153588046492324, 38.54966680548246]
--POFIFO--
[49.65439305695805, 42.6428723843556, 39.061668846131404]
--------
--params--
other_parameters(10, [0.2659832184041652, 0.158154567898778, 0.11668453387439633, 0.09403926870770386, 0.07954753629319324, 0.06938103894710407, 0.06180600983730833, 0.055916083718427094, 0.051188494248522606, 0.047299248070401284], 30, 0.6780815259918228, 1.1715728414583613, 1)
--netparams--
network_parameters(35, 4, 5.0, 3.7, 29.67413253642086, 59.34826507284172, 1.0)
--constparams--
constraint_parameters(1.0, 100.0, 4, 2)
--ALT--
[341.9435637458888, 291.31165973274244, 265.3472345024732, 249.434310562959, 238.63694041257435, 230.81641687496042, 224.87170265157476, 220.2093520081765, 216.42368020492808, 213.31745145392688, 210.69226792150965, 208.46907086780516, 206.5493720121293, 204.8619166436479, 203.38420106978575, 202.0775054656275, 200.90843849217333, 199.86599530532123, 198.90917366115838]
--POLRU--
[440.64160649163455, 376.9743369090287, 346.6577726246247, 328.31227785944253, 316.1109911302234, 307.39619501463505, 300.7902822824596, 295.5596395860805, 291.15545212620947, 287.53552216128224, 284.7180948319016, 282.0774241970861, 280.01109681274534, 278.47672112559377, 276.4457152854543, 275.0091972078119, 273.6870874856033, 272.5212840896601, 271.4860913233913]
--POLFU--
[437.6629403953426, 374.4351167318031, 344.2491131126872, 326.1150786406322, 313.90592841807654, 305.1543815978072, 298.62205192365644, 293.28451742676646, 289.0504847119784, 285.4989295538509, 282.4967056800628, 280.16948593173277, 277.8096014577955, 275.9560045706354, 274.50923062775564, 272.9751825975503, 271.89028079804115, 270.4358990174723, 269.31175416522126]
--POFIFO--
[446.28382411242166, 381.7237233521317, 350.8083016481165, 332.5761272179883, 320.3397306277819, 311.4693483940027, 304.95634761449054, 299.3438086910527, 295.2774117560893, 291.64876738733403, 288.5990817696128, 286.07460205168684, 283.999915125353, 281.99163253704216, 280.38272534054596, 278.89129441265305, 277.59134864731254, 276.4615789054891, 275.32857423180087]
--------
--params--
other_parameters(10, [0.2659832184041652, 0.158154567898778, 0.11668453387439633, 0.09403926870770386, 0.07954753629319324, 0.06938103894710407, 0.06180600983730833, 0.055916083718427094, 0.051188494248522606, 0.047299248070401284], 30, 0.6780815259918228, 1.1715728414583613, 1)
--netparams--
network_parameters(35, 4, 5.0, 3.7, 29.67413253642086, 59.34826507284172, 1.0)
--constparams--
constraint_parameters(1.0, 100.0, 6, 3)
--ALT--
[318.2559306431713, 282.5024364215804, 263.8971411234657, 252.38528002821437, 244.54115860527764, 238.82821949739824, 234.49304744345116, 231.05874600358993, 228.2911566228872, 225.9998642335239, 224.07864145171908, 222.4431859589463, 221.03121818351764, 219.7998964930049, 218.7194201604861, 217.76163808480635, 216.903594874172, 216.185613015523, 215.43366692694497]
--POLRU--
[325.20473842552093, 289.60572088062264, 271.00482491456563, 259.52007458745277, 251.72029790945305, 246.00931281023327, 241.65443794933893, 238.24626285817718, 235.49236733014007, 233.24361228665964, 231.2674278424176, 229.65219769241452, 228.24198395788272, 227.09085811172622, 225.95458157813096, 225.0284631776576, 224.1483267320883, 223.35672549641615, 222.70622568267586]
--POLFU--
[324.46224129347144, 288.86921390332856, 270.304228457522, 258.82064782730015, 251.00704273691477, 245.26658916578359, 240.92303384583565, 237.53989329165285, 234.7931270668313, 232.5690281643774, 230.65598560295678, 228.96703543511327, 227.50700565132524, 226.33601588695672, 225.20145680573935, 224.25593671047733, 223.37850276703, 222.61074382868483, 221.9461828970621]
--POFIFO--
[327.0182094114175, 291.42398274279986, 272.79336623891044, 261.3336288885689, 253.54539474883222, 247.78629673323914, 243.40303120638254, 240.02205746037626, 237.2886361086729, 235.00453660497428, 233.1206165135383, 231.43827024584024, 230.01884204899838, 228.84070945194821, 227.70903855015044, 226.7458265161309, 225.95109825699387, 225.17973702232703, 224.491477566179]
--------
--params--
other_parameters(10, [0.2659832184041652, 0.158154567898778, 0.11668453387439633, 0.09403926870770386, 0.07954753629319324, 0.06938103894710407, 0.06180600983730833, 0.055916083718427094, 0.051188494248522606, 0.047299248070401284], 30, 0.6780815259918228, 1.1715728414583613, 1)
--netparams--
network_parameters(35, 4, 5.0, 3.7, 29.67413253642086, 59.34826507284172, 1.0)
--constparams--
constraint_parameters(1.0, 100.0, 8, 4)
--ALT--
[290.74976692157657, 257.4323319080413, 240.22972477432808, 229.64174782831483, 222.4482136917783, 217.21064150136516, 213.2330557633539, 210.10128964521982, 207.55021219600263, 205.45197236713287, 203.69762419016448, 202.1845513844838, 200.8865682414745, 199.7586489508686, 198.75869305568273, 197.86605618078707, 197.0840920383272, 196.38086439123038, 195.71610174878478]
--POLRU--
[296.4249532083407, 263.31952381544386, 246.11137189557863, 235.6764906739637, 228.40922378173258, 223.24482789594288, 219.29476315160161, 216.17218382614462, 213.64821098143378, 211.5586180548925, 209.80220838269676, 208.27058784182736, 206.9805738368862, 205.84009083826928, 204.87965136971184, 204.0078769919918, 203.2096832838129, 202.48899751944123, 201.87962590697282]
--POLFU--
[295.0705689387869, 262.0226282228026, 244.7724055655559, 234.26221670480558, 227.13768085035906, 221.92538284912243, 217.92108222854716, 214.80697203382132, 212.33895597574835, 210.1788568282302, 208.46796585881927, 206.96012933310755, 205.6394270171203, 204.50304106068853, 203.54102350590958, 202.6252948263061, 201.8635281084784, 201.15164610214404, 200.51497182115108]
--POFIFO--
[297.55136784874327, 264.41902172593166, 247.23222968190956, 236.73047608385406, 229.56181550214998, 224.34236031455126, 220.37121059622197, 217.30589990021232, 214.77083417932644, 212.63141785392006, 210.89028012182655, 209.41830952458218, 208.09355218868623, 206.96310410013896, 205.97707503843793, 205.08426709645212, 204.3137619699819, 203.59996534925696, 202.9787725089692]
--------
--params--
other_parameters(10, [0.2659832184041652, 0.158154567898778, 0.11668453387439633, 0.09403926870770386, 0.07954753629319324, 0.06938103894710407, 0.06180600983730833, 0.055916083718427094, 0.051188494248522606, 0.047299248070401284], 30, 0.6780815259918228, 1.1715728414583613, 1)
--netparams--
network_parameters(35, 4, 5.0, 3.7, 29.67413253642086, 59.34826507284172, 1.0)
--constparams--
constraint_parameters(1.0, 100.0, 4, 2)
--ALT--
[413.86058351338164, 347.22634524773065, 313.09451068101373, 292.1948453469425, 278.0093743138065, 267.72372957431554, 259.91889567669887, 253.7718726762615, 248.80853180472891, 244.7268204496903, 241.27425431879203, 238.33824546494765, 235.81283128276067, 233.60923062331022, 231.67092765233298, 229.9462757624686, 228.40614674954955, 227.03752821988184, 225.77378194906373]
--POLRU--
[516.2435751728267, 444.5394736031059, 407.4257431711396, 384.30596120403266, 368.6809677610622, 357.19887672353434, 348.50153040865894, 341.7907966142433, 336.43631383725915, 331.81895578732764, 328.0956504928579, 325.0630273928192, 322.3161031201973, 319.19787455192824, 317.0246738888253, 315.0533224352188, 313.41053443742476, 311.80149863627236, 310.56629007125156]
--POLFU--
[513.9438555466543, 442.4201788434997, 405.27552033879465, 382.39858860352035, 366.6401058002398, 355.3965822931197, 346.62633020009923, 339.9160580171574, 334.5146209499185, 329.93169521504626, 326.2262188924054, 323.2123116011524, 320.4798244631286, 317.2380599204584, 315.12035987492766, 313.2152783538423, 311.6208959607411, 309.9056001756489, 308.56328038640805]
--POFIFO--
[524.8456592439259, 452.61231580861903, 415.1914238489007, 391.79727944829887, 376.00881201925966, 364.5267508419888, 355.7169491815351, 348.90983512481813, 343.4607654118119, 338.871728544302, 335.1861277617624, 331.991508033293, 329.16712075750746, 326.10920989453456, 323.9688356963066, 322.1902286243369, 320.2652726846937, 318.78678981460763, 317.3129643974802]
--------
--params--
other_parameters(10, [0.19916359657128618, 0.14082992970105826, 0.11498715609320612, 0.09958179828564309, 0.08906866811534798, 0.08130819782286208, 0.07527676382068851, 0.07041496485052913, 0.06638786552376205, 0.06298105921561659], 30, 0.6780815259918228, 4.189393929728947, 1)
--netparams--
network_parameters(35, 4, 5.0, 3.7, 29.67413253642086, 296.7413253642086, 1.0)
--constparams--
constraint_parameters(1.0, 100.0, 4, 2)
--ALT--
[303.2889563999162, 271.51177676102833, 236.03108334966018, 217.54111261354197, 201.67775661063934, 196.86466587112776, 193.22365196757053, 200.48822456961713, 197.98053237043897, 195.14706566069913, 191.31113035560165, 191.86747515204596, 184.57491277803115, 187.5813975639509, 180.84300077601384, 190.90606526223047, 176.38078909655283, 177.93108488541236, 187.45410107248262]
--POLRU--
[875.5364276802131, 762.3192342938511, 705.2830154637919, 670.8254216715683, 648.2826550030576, 632.0673220482994, 620.0950128259075, 611.1633766301666, 603.0198657657564, 597.0595149332581, 592.2197009026613, 587.5968472463396, 585.2935111598283, 580.4500420843347, 580.738938627956, 576.0939783860235, 575.058306326346, 574.1231021023461, 574.1752592717859]
--POLFU--
[856.7159400014118, 746.5791756837336, 691.6910224041004, 657.8184183427246, 635.2899374821551, 619.5939625419888, 608.7292513844496, 600.6869524871689, 591.7126958839247, 585.4166073575981, 581.3641848753615, 576.2777849671046, 572.7049832150578, 571.389955251708, 561.6380189840384, 568.041363377606, 562.0947853633917, 559.7347154945777, 563.9804660146274]
--POFIFO--
[912.4237182651813, 793.572279592164, 734.9051668546209, 697.8835130044326, 674.9072359058325, 657.7315389490773, 645.6480783949047, 639.0882825553031, 627.6580748171921, 622.7839675678756, 619.4477838702146, 605.4748866134813, 608.8641979630607, 606.0801346322318, 603.5897636381857, 601.3448336446141, 598.6342972862275, 597.119233880205, 597.5561570747975]
--------
--params--
other_parameters(10, [0.19916359657128618, 0.14082992970105826, 0.11498715609320612, 0.09958179828564309, 0.08906866811534798, 0.08130819782286208, 0.07527676382068851, 0.07041496485052913, 0.06638786552376205, 0.06298105921561659], 30, 0.6780815259918228, 2.318806156194082, 1)
--netparams--
network_parameters(35, 4, 5.0, 3.7, 29.67413253642086, 148.3706626821043, 1.0)
--constparams--
constraint_parameters(1.0, 100.0, 4, 2)
--ALT--
[333.34487416706054, 803.7441266664312, 242.93177107963535, 220.12437892623473, 224.4296151146078, 218.38594169209307, 242.7953044555414, 201.15488005527268, 236.00453424745865, 233.61286078650733, 205.22619357193176, 204.20206913828315, 228.17053467705537, 200.9659326121021, 225.61232727646654, 197.83969500010173, 226.10049118866223, 198.31729398418594, 223.0601263693362]
--POLRU--
[865.0949593569238, 752.4165510972056, 696.7577113163193, 662.5243643662698, 639.4451499577261, 623.0681285915175, 609.6901034396868, 583.4306584452241, 595.162149695379, 588.14178372407, 583.5086883114484, 514.490296092396, 576.1625382333632, 573.0070533800068, 568.9459520886898, 568.9142079993377, 567.3919121937068, 566.9324744607512, 562.2605862328456]
--POLFU--
[835.0159772674793, 727.0653637771461, 673.1344706015232, 641.4257123226921, 619.0995860210598, 602.4729559262727, 591.1307649138639, 582.2343532813885, 575.262800986335, 570.2694720858785, 565.003626673213, 562.095172334791, 529.786239131698, 554.8496835831179, 552.1227660055945, 550.4172268573963, 551.5010983945873, 549.5144947512554, 544.8514814325064]
--POFIFO--
[898.9099966037911, 780.6792822153403, 722.1469383319907, 686.6785486008713, 662.8731579974407, 644.6792842741224, 632.8530218571373, 623.2623170528466, 616.3804388357389, 610.4540488888765, 605.3203464722562, 600.9540694918995, 596.4283811982743, 595.866828838203, 589.5635430910218, 590.9757208871605, 590.1268999366798, 588.6550781368885, 584.0782197958544]
--------
--params--
other_parameters(10, [0.19916359657128618, 0.14082992970105826, 0.11498715609320612, 0.09958179828564309, 0.08906866811534798, 0.08130819782286208, 0.07527676382068851, 0.07041496485052913, 0.06638786552376205, 0.06298105921561659], 30, 0.6780815259918228, 2.318806156194082, 1)
--netparams--
network_parameters(35, 4, 5.0, 3.7, 29.67413253642086, 148.3706626821043, 1.0)
--constparams--
constraint_parameters(1.0, 100.0, 4, 2)
--ALT--
[1190.1158541989207, 1492.3261316378891, 278.9710410701874, 265.4601169043671, 262.8956881896404, 252.81077125585722, 250.1533776012478, 240.29408832111267, 242.60364085691236, 242.50907424614127, 233.58210630685068, 251.07632356530905, 237.58088796149744, 227.25744305579772, 235.07925357946877, 235.27370228018987, 256.2481390364541, 244.81646084789685, 7078.897865543229]
--POLRU--
[871.952491255185, 757.8007165506575, 701.1040105627169, 666.6368027805663, 643.440963679854, 625.3894582475898, 612.5268314390655, 603.6138626111432, 594.3834630321994, 589.1417317576027, 583.1958470272955, 578.0511605983704, 574.4273531885843, 572.3506380818917, 569.455050818365, 568.6382254470711, 566.7628185823997, 563.6314971407104, 562.4787299173958]
--POLFU--
[864.5354188941392, 751.4969759060119, 695.1856525242948, 660.5791131660843, 637.5369591862637, 619.7052924674506, 606.9735371861676, 598.1329078149098, 589.1994297003188, 584.1233628661653, 577.7018412217769, 559.9531315825456, 568.8942298386427, 567.1320361931428, 566.8821296660384, 563.7003834839975, 561.7405622886629, 559.6462661929534, 558.1785974642854]
--POFIFO--
[911.2388434883403, 790.4633210832684, 730.1527516687574, 693.743227645182, 670.0232485721629, 650.6006671698487, 637.6042867314551, 628.4706842160354, 618.4360470953516, 613.2982305738724, 607.961143227493, 601.4495918274866, 599.5695005541205, 596.6518672683866, 594.968849974671, 593.2989750195113, 590.109360138838, 588.4456196547752, 588.0398378733144]
--------
--params--
other_parameters(10, [0.19916359657128618, 0.14082992970105826, 0.11498715609320612, 0.09958179828564309, 0.08906866811534798, 0.08130819782286208, 0.07527676382068851, 0.07041496485052913, 0.06638786552376205, 0.06298105921561659], 30, 0.6780815259918228, 2.318806156194082, 1)
--netparams--
network_parameters(35, 4, 5.0, 3.7, 29.67413253642086, 148.3706626821043, 1.0)
--constparams--
constraint_parameters(1.0, 100.0, 4, 2)
--ALT--
[359.9515717299859, 317.21182150854975, 300.02914484311736, 284.84003378408363, 447.67860816545107, 269.86768307968515, 275.2595477684831, 259.63112585899887, 251.8328115877464, 651.6444202112838, 250.94997459105937, 259.21191233140377, 274.70428266273933, 249.84542742820616, 253.06766588735059, 1290.6138512517477, 246.83289456648882, 9851.77447961061, 242.63095657843652]
--POLRU--
[874.5905459718502, 759.8425694553338, 703.4266810085641, 668.3872300157798, 645.7357365169988, 627.5078585363532, 614.7775527970125, 605.738920024596, 598.3392895973149, 590.5967703943464, 586.1803924375047, 580.7372413717928, 577.7771000664948, 574.6388604533822, 572.5249219540958, 569.4474789115606, 567.6331708078998, 566.4946559428146, 544.6266951340499]
--POLFU--
[867.4204619995909, 753.6865073772665, 697.2855472205937, 663.4406278176922, 639.9675753922769, 622.5057569234821, 609.2220504017091, 601.0546632917795, 592.9661570131715, 586.2039504843931, 581.2548341589257, 577.7231802677034, 574.2636935093681, 571.13909599591, 17.961394747956923, 567.0506526458926, 565.9410278292153, 562.3619732351754, 561.8573134861917]
--POFIFO--
[910.7154550739887, 789.9061385961927, 730.6542033892666, 694.2348664018496, 669.8547472653713, 654.146141738256, 639.5228629590097, 632.1039880758091, 621.7246569017176, 615.3083162843262, 609.426946635599, 604.1580130430627, 601.7406320448147, 598.8055195849144, 595.4355807584311, 593.0918720675708, 591.115582078756, 588.5536778575233, 586.2721420637793]
--------
--params--
other_parameters(10, [0.19916359657128618, 0.14082992970105826, 0.11498715609320612, 0.09958179828564309, 0.08906866811534798, 0.08130819782286208, 0.07527676382068851, 0.07041496485052913, 0.06638786552376205, 0.06298105921561659], 30, 0.6780815259918228, 2.318806156194082, 1)
--netparams--
network_parameters(35, 4, 5.0, 3.7, 29.67413253642086, 148.3706626821043, 1.0)
--constparams--
constraint_parameters(1.0, 100.0, 4, 2)
--------
--params--
other_parameters(10, [0.19916359657128618, 0.14082992970105826, 0.11498715609320612, 0.09958179828564309, 0.08906866811534798, 0.08130819782286208, 0.07527676382068851, 0.07041496485052913, 0.06638786552376205, 0.06298105921561659], 30, 0.6780815259918228, 2.318806156194082, 1)
--netparams--
network_parameters(35, 4, 5.0, 3.7, 29.67413253642086, 148.3706626821043, 1.0)
--constparams--
constraint_parameters(1.0, 100.0, 4, 2)
--ALT--
[730.2765637573514, 1763.70194982827, 979.5142850959661]
--POLRU--
[719.0829772490547, 630.8651549003276, 586.5731565825456]
--POLFU--
[711.7781049438594, 624.3082338146228, 580.7401552301318]
--POFIFO--
[731.9390328037853, 642.3378489846617, 597.5244165942096]
--------
--params--
other_parameters(10, [0.19916359657128618, 0.14082992970105826, 0.11498715609320612, 0.09958179828564309, 0.08906866811534798, 0.08130819782286208, 0.07527676382068851, 0.07041496485052913, 0.06638786552376205, 0.06298105921561659], 30, 0.6780815259918228, 2.318806156194082, 1)
--netparams--
network_parameters(35, 4, 5.0, 3.7, 29.67413253642086, 148.3706626821043, 1.0)
--constparams--
constraint_parameters(1.0, 100.0, 4, 2)
--ALT--
[613.4526260287396, 1534.791955128926, 1826.2362339650049]
--POLRU--
[718.4656388755291, 630.5080013425883, 586.4973688000442]
--POLFU--
[714.5696827725627, 627.1175715325159, 583.4877343887533]
--POFIFO--
[734.3173044082307, 644.3199152553774, 599.1954037353145]
--------
--params--
other_parameters(10, [0.19916359657128618, 0.14082992970105826, 0.11498715609320612, 0.09958179828564309, 0.08906866811534798, 0.08130819782286208, 0.07527676382068851, 0.07041496485052913, 0.06638786552376205, 0.06298105921561659], 30, 0.6780815259918228, 2.318806156194082, 1)
--netparams--
network_parameters(35, 4, 5.0, 3.7, 29.67413253642086, 148.3706626821043, 1.0)
--constparams--
constraint_parameters(1.0, 100.0, 4, 2)
--ALT--
[1036.2215381506498, 2211.5033272538285, 2749.934292928435]
--POLRU--
[715.3015116194987, 627.7611555969045, 583.8718133816488]
--POLFU--
[719.75087909624, 631.6294000073535, 587.6140015896667]
--POFIFO--
[737.981880712525, 647.4333344700876, 602.0701615943376]
--------
--params--
other_parameters(10, [0.19916359657128618, 0.14082992970105826, 0.11498715609320612, 0.09958179828564309, 0.08906866811534798, 0.08130819782286208, 0.07527676382068851, 0.07041496485052913, 0.06638786552376205, 0.06298105921561659], 30, 0.6780815259918228, 2.318806156194082, 1)
--netparams--
network_parameters(35, 4, 5.0, 3.7, 29.67413253642086, 148.3706626821043, 1.0)
--constparams--
constraint_parameters(1.0, 100.0, 4, 2)
--ALT--
[374.6529121003646, 320.9046758445768, 294.52475175161146]
--POLRU--
[717.4490163779512, 629.51807426742, 585.4660784281546]
--POLFU--
[714.1119960820897, 626.5118120051014, 582.964122870674]
--POFIFO--
[736.3848582888356, 646.0976544027753, 601.0387248127333]
--------
--params--
other_parameters(10, [0.19916359657128618, 0.14082992970105826, 0.11498715609320612, 0.09958179828564309, 0.08906866811534798, 0.08130819782286208, 0.07527676382068851, 0.07041496485052913, 0.06638786552376205, 0.06298105921561659], 30, 0.6780815259918228, 2.318806156194082, 1)
--netparams--
network_parameters(35, 4, 5.0, 3.7, 29.67413253642086, 148.3706626821043, 1.0)
--constparams--
constraint_parameters(1.0, 100.0, 4, 2)
--ALT--
[372.4665736027348, 320.1411010240429, 291.17888862331404]
--POLRU--
[713.8035376866901, 626.1979765885695, 582.5512560540143]
--POLFU--
[709.5137531495119, 622.2855289234426, 578.8992151714415]
--POFIFO--
[732.0529844107358, 641.9190844119697, 597.0149122473114]
--------
--params--
other_parameters(10, [0.19916359657128618, 0.14082992970105826, 0.11498715609320612, 0.09958179828564309, 0.08906866811534798, 0.08130819782286208, 0.07527676382068851, 0.07041496485052913, 0.06638786552376205, 0.06298105921561659], 30, 0.6780815259918228, 2.318806156194082, 1)
--netparams--
network_parameters(35, 4, 5.0, 3.7, 29.67413253642086, 148.3706626821043, 1.0)
--constparams--
constraint_parameters(1.0, 100.0, 4, 2)
--ALT--
[437.54656275635193, 379.12294927359574, 349.6677120679408, 334.68313606633427, 318.8519367942761, 314.17893087611367, 306.87713943228107, 301.4221613308648, 297.0729270555962, 293.25957351676743, 285.9916985204722, 285.9145477812016, 283.24266995355697, 287.9419502500905, 279.5553380078003, 276.2849605859699, 280.5886495262308, 282.32067157594156, 277.5480970567344]
--POLRU--
[711.3612592908135, 624.2801078005963, 580.5274856917765, 554.6620254708027, 536.6848239006806, 523.9951378213626, 514.3564879690049, 506.2162657924397, 499.8006167523822, 494.63172679961116, 490.21845227881545, 486.4681723355314, 483.34714460455245, 480.3113340460129, 477.8555429466524, 475.69019401189433, 473.6541796110411, 471.97679040075826, 470.1952274435642]
--POLFU--
[710.3990695668044, 623.1342620594282, 579.588714978151, 553.5438853292843, 535.7238013162042, 523.0212418331289, 513.3898256913421, 505.2069507985956, 498.86074977909635, 493.56700967700135, 489.3027439198938, 485.7527073298238, 482.38768429435567, 479.3596112439569, 477.1185730472265, 474.786192281623, 472.7060447513333, 471.0953678007152, 469.3997603912822]
--POFIFO--
[734.5479714849297, 644.1548609652818, 599.1655169952586, 572.1739304354583, 554.061580933288, 540.5277046381467, 530.7648994516339, 522.9151742638616, 516.4271114324855, 510.7433450377855, 506.123910633945, 502.502303311807, 499.05863578000304, 496.4085501888196, 493.9083847238689, 491.6907736881858, 489.7957847422887, 488.0783194148229, 486.05079830276753]
--------
--params--
other_parameters(10, [0.19916359657128618, 0.14082992970105826, 0.11498715609320612, 0.09958179828564309, 0.08906866811534798, 0.08130819782286208, 0.07527676382068851, 0.07041496485052913, 0.06638786552376205, 0.06298105921561659], 30, 0.6780815259918228, 2.318806156194082, 10)
--netparams--
network_parameters(35, 4, 5.0, 3.7, 29.67413253642086, 148.3706626821043, 1.0)
--constparams--
constraint_parameters(1.0, 100.0, 4, 2)
--ALT--
[367.88050552767413, 306.0050598838676, 276.3676616214476, 258.62616537737784, 244.6542417660782, 233.13903111586316, 228.73656169478292, 220.13382794696423, 217.05532756987265, 212.37972355191056, 208.41632135732752, 208.65165559240347, 207.52869362312308, 204.02060063748047, 200.7475935393149, 199.21136287974937, 196.21322874449496, 198.3418073571598, 193.75143014899444]
--SUB--
[483.85207671394954, 415.7493556530927, 410.936696005423, 343.32847509753225, 326.56496173218346, 412.94440328744514, 403.51491165076186, 326.84710770340575, 320.256246993612, 398.24827980058274, 336.9995083569044, 586.9062277978293, 365.69359247678454, 676.4664756390315, 317.4277577308075, 366.664980903674, 443.7989051512283, 331.3396528948099, 330.779234736407]
--POLRU--
[674.9778454911568, 586.3570747714798, 539.8664464256115, 510.9105831849839, 491.21236369687637, 476.2090931488542, 465.6272889759818, 456.7246922690393, 449.62448366771866, 443.8421649750187, 438.8368384470213, 434.8248446725022, 430.8657024819747, 427.2081781338395, 425.1453379422483, 422.9127638717302, 419.52703189326536, 418.33623778215815, 416.132585157044]
--POLFU--
[673.6513564275784, 585.0888464207184, 538.809652374958, 509.7697093486017, 490.1428119670545, 475.21900632311656, 464.5054778188475, 455.6953117000124, 448.9305994186084, 442.84057040586305, 437.6837195478892, 433.8127805417725, 430.04571460452905, 426.2757783425353, 424.23648466488163, 421.8451536509224, 418.809801520427, 417.15915689578827, 415.2415507857854]
--POFIFO--
[690.2915990770068, 599.8716560192988, 552.6249213873589, 523.1610252484046, 502.8364648273744, 487.90626598594, 476.5738144673264, 467.93721990197764, 460.98904430415934, 454.65386432098967, 450.5400153325923, 445.4699978470202, 442.20981308273605, 438.11098247124704, 435.54469999932684, 433.1420719184723, 430.3212269311695, 428.5765040327565, 427.07472197077965]
--------
--params--
other_parameters(10, [0.1077788696304862, 0.10410752566654136, 0.10201817771196317, 0.1005612411557881, 0.09944549738188722, 0.09854306406269622, 0.09778645956981528, 0.09713575611414804, 0.09656539003750872, 0.09605801866916548], 30, 0.3741462848662341, 0.8699083573954718, 1)
--netparams--
network_parameters(35, 4, 5.0, 3.7, 29.67413253642086, 148.3706626821043, 1.0)
--constparams--
constraint_parameters(1.0, 400.0, 4, 2)
--------
--params--
other_parameters(10, [0.1077788696304862, 0.10410752566654136, 0.10201817771196317, 0.1005612411557881, 0.09944549738188722, 0.09854306406269622, 0.09778645956981528, 0.09713575611414804, 0.09656539003750872, 0.09605801866916548], 30, 0.3741462848662341, 0.8699083573954718, 1)
--netparams--
network_parameters(35, 4, 5.0, 3.7, 29.67413253642086, 148.3706626821043, 1.0)
--constparams--
constraint_parameters(1.0, 400.0, 4, 2)
--------
--params--
other_parameters(10, [0.1077788696304862, 0.10410752566654136, 0.10201817771196317, 0.1005612411557881, 0.09944549738188722, 0.09854306406269622, 0.09778645956981528, 0.09713575611414804, 0.09656539003750872, 0.09605801866916548], 30, 0.3741462848662341, 0.8699083573954718, 1)
--netparams--
network_parameters(35, 4, 5.0, 3.7, 29.67413253642086, 148.3706626821043, 1.0)
--constparams--
constraint_parameters(1.0, 400.0, 4, 2)
--------
--params--
other_parameters(10, [0.1077788696304862, 0.10410752566654136, 0.10201817771196317, 0.1005612411557881, 0.09944549738188722, 0.09854306406269622, 0.09778645956981528, 0.09713575611414804, 0.09656539003750872, 0.09605801866916548], 30, 0.3741462848662341, 0.8699083573954718, 1)
--netparams--
network_parameters(35, 4, 5.0, 3.7, 29.67413253642086, 148.3706626821043, 1.0)
--constparams--
constraint_parameters(1.0, 400.0, 4, 2)
--------
--params--
other_parameters(10, [0.1077788696304862, 0.10410752566654136, 0.10201817771196317, 0.1005612411557881, 0.09944549738188722, 0.09854306406269622, 0.09778645956981528, 0.09713575611414804, 0.09656539003750872, 0.09605801866916548], 30, 0.3741462848662341, 0.8699083573954718, 1)
--netparams--
network_parameters(35, 4, 5.0, 3.7, 29.67413253642086, 148.3706626821043, 1.0)
--constparams--
constraint_parameters(1.0, 400.0, 4, 2)
--ALT--
[488.53700611698434, 478.67636068530345, 471.2631664450884, 464.89890619543877, 459.4917276258467, 455.03234547819443, 451.1504732286819, 447.69978984622617, 444.6527573001671, 441.91733177409503, 439.61710074983085, 437.47791794653864, 435.50457882027473]
--SUB--
[488.241970959853, 478.72070132273114, 475.48211660070194, 465.352075943262, 460.26479046163234, 454.8646593183856, 450.85565213321007, 448.2203607003676, 444.48331603915005, 441.7781111150873, 439.9688178578902, 437.3709128978702, 436.03040221513726]
--POLRU--
[568.8622253872682, 558.2426417071455, 549.729284271147, 542.6817740140905, 536.7656398997115, 531.6774859978352, 527.2839974898649, 523.5860162562279, 520.1938913340978, 517.2013471825262, 514.7428168060763, 512.2761816517118, 510.10158117348806]
--POLFU--
[572.0745932222748, 561.5012907526722, 552.723443775822, 545.764846046772, 539.7860540214341, 534.7299876313919, 530.2838370106467, 526.4898226732378, 523.094375225691, 520.0742817967143, 517.5223560253816, 515.0667748355698, 512.9302214559185]
--POFIFO--
[569.3711218724396, 558.8205692874562, 550.1829906119875, 543.1668237578297, 537.2178725013162, 532.1298894671655, 527.9438469147786, 524.0733952605971, 520.6776278853409, 517.8285901143267, 515.250787774147, 512.7856908141667, 510.5963406196347]
--------
--params--
other_parameters(10, [0.1077788696304862, 0.10410752566654136, 0.10201817771196317, 0.1005612411557881, 0.09944549738188722, 0.09854306406269622, 0.09778645956981528, 0.09713575611414804, 0.09656539003750872, 0.09605801866916548], 30, 0.6780815259918228, 2.318806156194082, 1)
--netparams--
network_parameters(35, 4, 5.0, 3.7, 29.67413253642086, 148.3706626821043, 1.0)
--constparams--
constraint_parameters(1.0, 100.0, 4, 2)
--ALT--
[676.3765316583613, 580.9300758498226, 531.5725164977346, 501.04090791498106, 480.4692547507601, 465.4076817609757, 454.0398510337375, 445.07580588077633, 437.9666679667322, 431.78911152276095, 427.13205763952556, 422.5840467239192, 418.8854716299794, 415.66208973087123, 412.88792759418004, 410.38736725152, 408.32936833643026, 406.26241875971283, 404.522042964515]
--SUB--
[677.9738845700383, 579.9363992976845, 531.7376433860993, 500.1309667761436, 484.1831120773412, 465.53106752695203, 452.67548014829816, 443.63078889123733, 437.6445283103909, 430.2327262504196, 426.21155860969327, 422.32462079219727, 418.28950295401785, 418.3775276651094, 412.5320233570256, 409.6905230653717, 408.5362174958277, 422.6875400220271, 467.13927068533417]
--POLRU--
[831.0239778166475, 721.3729947475737, 663.9384635702169, 628.5425637164428, 604.2550270571063, 586.7249809081104, 573.4135114570776, 562.8094294973055, 554.3338659445475, 547.2846280088006, 541.2117679989758, 536.2435202310528, 531.9199210832167, 528.079356649102, 524.6932900425866, 521.811076021707, 519.0866284324561, 516.7199799210285, 514.7230741307086]
--POLFU--
[830.7428244460551, 720.8368592747112, 663.6122130615992, 628.1470125571255, 603.9691552009633, 586.2950888014426, 572.985455125734, 562.2614822248735, 553.8750839552105, 546.7203957020151, 540.8525844539615, 535.7653361887221, 531.4826685379463, 527.5444232099559, 524.264878110581, 521.2732281755075, 518.7297192988395, 516.2668291176005, 514.260313797859]
--POFIFO--
[833.0359859911765, 723.1857920452121, 665.8226165732996, 630.2910232637445, 606.0278194244853, 588.3788517930941, 574.9910125344667, 564.502245073295, 555.8752510965409, 548.748086035612, 542.8190573274271, 537.8597952516232, 533.3950870178394, 529.5697648943243, 526.266949538716, 523.3947595283768, 520.6425037530473, 518.3662332011177, 516.1625068377356]
--------
--params--
other_parameters(10, [0.1077788696304862, 0.10410752566654136, 0.10201817771196317, 0.1005612411557881, 0.09944549738188722, 0.09854306406269622, 0.09778645956981528, 0.09713575611414804, 0.09656539003750872, 0.09605801866916548], 30, 0.6780815259918228, 2.318806156194082, 1)
--netparams--
network_parameters(35, 4, 5.0, 3.7, 29.67413253642086, 148.3706626821043, 1.0)
--constparams--
constraint_parameters(1.0, 100.0, 4, 2)
--ALT--
[461.54766315276515, 411.0724321572996, 384.99928983030395, 369.6502996726251, 356.71316507674874, 349.2790946396392, 343.48807250394464, 337.79307550500243, 333.37757031422336, 329.42038565996376, 330.80598127927004, 329.00985963452837, 328.43278490942896, 330.54778533431363, 329.10003801470737, 226.81679688966784, 328.3900008524104, 322.34781402633354, 324.8164455350958]
--SUB--
[464.22690210139035, 409.1205828678791, 379.8699232082527, 362.80508323326706, 350.6251353395738, 342.59764279052513, 339.4717330757469, 329.928335005802, 326.2834664564447, 322.52667917382496, 321.12688488015624, 361.61319704745836, 320.72317119902846, 312.7836130795513, 314.58493387028153, 310.50056419901296, 312.3291755444396, 308.83618199675044, 306.42771496357534]
--POLRU--
[500.44039371248493, 446.3349245040356, 417.47218128167094, 399.49340343562125, 386.45808333580715, 377.4498113511714, 370.86077440635563, 364.3945428952052, 360.95312617070186, 356.50927316581124, 353.6294257259749, 351.9047222318293, 348.9240443822484, 346.98386120409276, 345.1381700076981, 343.5411045286039, 342.31955770909326, 340.8266294385837, 340.3104998507515]
--POLFU--
[501.73407611664976, 447.4546358244679, 418.4502035740325, 400.33058393411943, 387.4131306707179, 378.62744549710004, 370.95411789311476, 366.3044084988305, 361.6923231132259, 357.63681394786823, 354.5582937306658, 352.94504985700956, 349.77299970973866, 348.34694191072595, 345.99831455102833, 345.3039245863295, 343.4355111304948, 342.55502183951876, 341.35628608647806]
--POFIFO--
[498.83855664805174, 444.9509965424978, 416.3567297961467, 398.22538791072407, 385.3785349154132, 376.57099449146267, 369.7782582479595, 363.33521921064926, 360.1518232550321, 355.7945517948727, 352.9842057907317, 350.508033850949, 347.65093525806003, 345.44285484053273, 344.0911182329535, 342.2797815533213, 341.13254384494167, 340.249765449663, 338.88205861471647]
--------
--params--
other_parameters(10, [0.1077788696304862, 0.10410752566654136, 0.10201817771196317, 0.1005612411557881, 0.09944549738188722, 0.09854306406269622, 0.09778645956981528, 0.09713575611414804, 0.09656539003750872, 0.09605801866916548], 30, 0.6780815259918228, 2.318806156194082, 1)
--netparams--
network_parameters(35, 4, 5.0, 3.7, 29.67413253642086, 148.3706626821043, 1.0)
--constparams--
constraint_parameters(1.0, 100.0, 4, 2)
--------
--params--
other_parameters(10, [0.1077788696304862, 0.10410752566654136, 0.10201817771196317, 0.1005612411557881, 0.09944549738188722, 0.09854306406269622, 0.09778645956981528, 0.09713575611414804, 0.09656539003750872, 0.09605801866916548], 30, 0.6780815259918228, 2.318806156194082, 1)
--netparams--
network_parameters(35, 4, 5.0, 3.7, 29.67413253642086, 148.3706626821043, 1.0)
--constparams--
constraint_parameters(1.0, 100.0, 4, 2)
--------
--params--
other_parameters(10, [0.1077788696304862, 0.10410752566654136, 0.10201817771196317, 0.1005612411557881, 0.09944549738188722, 0.09854306406269622, 0.09778645956981528, 0.09713575611414804, 0.09656539003750872, 0.09605801866916548], 30, 0.6780815259918228, 2.318806156194082, 1)
--netparams--
network_parameters(35, 4, 5.0, 3.7, 29.67413253642086, 148.3706626821043, 1.0)
--constparams--
constraint_parameters(1.0, 100.0, 4, 2)
--ALT--
[331.94316740405736, 283.76184161143465]
--SUB--
[2578.8664238698043, 2580.078323591697]
--POLRU--
[659.3363843111969, 580.2990190524823]
--POLFU--
[655.7067360117587, 577.0596173267338]
--POFIFO--
[663.4520842696754, 583.5561884342152]
--------
--params--
other_parameters(10, [0.1077788696304862, 0.10410752566654136, 0.10201817771196317, 0.1005612411557881, 0.09944549738188722, 0.09854306406269622, 0.09778645956981528, 0.09713575611414804, 0.09656539003750872, 0.09605801866916548], 30, 0.6780815259918228, 2.318806156194082, 1)
--netparams--
network_parameters(35, 4, 5.0, 3.7, 29.67413253642086, 148.3706626821043, 1.0)
--constparams--
constraint_parameters(1.0, 100.0, 4, 2)
--------
--params--
other_parameters(10, [0.1077788696304862, 0.10410752566654136, 0.10201817771196317, 0.1005612411557881, 0.09944549738188722, 0.09854306406269622, 0.09778645956981528, 0.09713575611414804, 0.09656539003750872, 0.09605801866916548], 30, 0.6780815259918228, 2.318806156194082, 1)
--netparams--
network_parameters(35, 4, 5.0, 3.7, 29.67413253642086, 148.3706626821043, 1.0)
--constparams--
constraint_parameters(1.0, 100.0, 4, 2)
--ALT--
[512.2463589458212, 455.9974488823789]
--SUB--
[514.5549173282647, 460.32405702022686]
--POLRU--
[673.6435605380877, 592.3297194359972]
--POLFU--
[664.5586074213704, 584.6091152824155]
--POFIFO--
[670.4477574219002, 589.6234666756967]
--------
--params--
other_parameters(10, [0.1077788696304862, 0.10410752566654136, 0.10201817771196317, 0.1005612411557881, 0.09944549738188722, 0.09854306406269622, 0.09778645956981528, 0.09713575611414804, 0.09656539003750872, 0.09605801866916548], 30, 0.6780815259918228, 2.318806156194082, 1)
--netparams--
network_parameters(35, 4, 5.0, 3.7, 29.67413253642086, 148.3706626821043, 1.0)
--constparams--
constraint_parameters(1.0, 100.0, 4, 2)
--ALT--
[571.1483977095005, 525.4665683771225, 474.6674024830471, 473.03518895449986, 445.43140568363003, 434.3529772841906, 444.3979218077825, 420.93551748256317, 431.8091754148504, 425.9796017228683, 419.85728380689216, 412.459432917086, 413.4581480322293, 425.8958842896533, 419.27882876298565, 401.0842756675712, 420.4049355591643, 415.4885007065061, 431.21323910500587]
--SUB--
[595.0781805985639, 505.11661206134755, 472.70334808290465, 459.2417438183333, 439.4789735711883, 428.3734108104271, 424.446740238053, 413.03210340434384, 410.7604045413189, 407.52155129199394, 404.8888309045237, 402.8135233635937, 402.5732591552783, 394.9003181273236, 394.61123473761035, 414.12437471037805, 417.3833005214653, 397.5798964005778, 389.72432266362]
--POLRU--
[668.6145624235761, 587.7126410957557, 550.5595433571601, 527.7333212091444, 511.93871990467, 502.7891656528563, 492.8097511762962, 488.83171909979535, 486.4464596897056, 477.3337256430101, 479.6162717315814, 475.8211192957308, 473.8830964823293, 474.4404020498121, 466.9647305463245, 468.9029482819172, 468.5428835341709, 466.06518360165154, 464.48720744151507]
--POLFU--
[667.1097642066674, 586.612303939667, 550.0914584977575, 526.9553488728566, 511.12319824846054, 499.29999240569964, 492.6881553123175, 489.3565513818215, 480.3699050210482, 479.30765790364546, 480.2845963579574, 475.7168053999191, 473.8154701095128, 470.78238669829943, 470.94325190614916, 466.7502236225331, 467.48528625644366, 465.79935791238216, 462.90658041863134]
--POFIFO--
[664.9060675393915, 584.8323703745192, 548.3583203657629, 524.847126594103, 509.75756878434026, 501.3221716575982, 491.27270570451446, 485.4477769405605, 485.3217411471042, 477.3956666634068, 477.8458876256155, 472.57443105934044, 472.0606242096372, 473.0266299641704, 468.8923768773293, 467.73687706111394, 467.55041322879134, 465.20189598747197, 462.4024056406163]
--------
--params--
other_parameters(10, [0.1077788696304862, 0.10410752566654136, 0.10201817771196317, 0.1005612411557881, 0.09944549738188722, 0.09854306406269622, 0.09778645956981528, 0.09713575611414804, 0.09656539003750872, 0.09605801866916548], 30, 0.6780815259918228, 2.318806156194082, 1)
--netparams--
network_parameters(35, 4, 5.0, 3.7, 29.67413253642086, 148.3706626821043, 1.0)
--constparams--
constraint_parameters(1.0, 100.0, 4, 2)
--ALT--
[569.8126759581901, 505.9140546935132]
--SUB--
[565.557578821698, 634.150728466966]
--POLRU--
[670.2377559167778, 589.1133482776045]
--POLFU--
[671.1759658880376, 590.2435891514808]
--POFIFO--
[665.6310938777098, 585.5721888376565]
--------
--params--
other_parameters(10, [0.1077788696304862, 0.10410752566654136, 0.10201817771196317, 0.1005612411557881, 0.09944549738188722, 0.09854306406269622, 0.09778645956981528, 0.09713575611414804, 0.09656539003750872, 0.09605801866916548], 30, 0.6780815259918228, 2.318806156194082, 1)
--netparams--
network_parameters(35, 4, 5.0, 3.7, 29.67413253642086, 148.3706626821043, 1.0)
--constparams--
constraint_parameters(1.0, 100.0, 4, 2)
--ALT--
[544.8457436479301, 506.68424142220397]
--SUB--
[540.6451065667278, 482.726636759829]
--POLRU--
[674.9370561197688, 593.2991575919826]
--POLFU--
[663.6997208959541, 583.8799302417384]
--POFIFO--
[668.7572731254176, 588.4307197630856]
--------
--params--
other_parameters(10, [0.1077788696304862, 0.10410752566654136, 0.10201817771196317, 0.1005612411557881, 0.09944549738188722, 0.09854306406269622, 0.09778645956981528, 0.09713575611414804, 0.09656539003750872, 0.09605801866916548], 30, 0.6780815259918228, 2.318806156194082, 1)
--netparams--
network_parameters(35, 4, 5.0, 3.7, 29.67413253642086, 148.3706626821043, 1.0)
--constparams--
constraint_parameters(1.0, 100.0, 4, 2)
--------
--params--
other_parameters(10, [0.1077788696304862, 0.10410752566654136, 0.10201817771196317, 0.1005612411557881, 0.09944549738188722, 0.09854306406269622, 0.09778645956981528, 0.09713575611414804, 0.09656539003750872, 0.09605801866916548], 30, 0.6780815259918228, 2.318806156194082, 1)
--netparams--
network_parameters(35, 4, 5.0, 3.7, 29.67413253642086, 148.3706626821043, 1.0)
--constparams--
constraint_parameters(1.0, 100.0, 4, 2)
--------
--params--
other_parameters(10, [0.1077788696304862, 0.10410752566654136, 0.10201817771196317, 0.1005612411557881, 0.09944549738188722, 0.09854306406269622, 0.09778645956981528, 0.09713575611414804, 0.09656539003750872, 0.09605801866916548], 30, 0.6780815259918228, 2.318806156194082, 1)
--netparams--
network_parameters(35, 4, 5.0, 3.7, 29.67413253642086, 148.3706626821043, 1.0)
--constparams--
constraint_parameters(1.0, 100.0, 4, 2)
--ALT--
[626.0885539361607, 544.1899022003104]
--SUB--
[625.3459875274038, 645.775231714433]
--POLRU--
[768.8634912344344, 664.5833369290658]
--POLFU--
[768.7561234835636, 664.3093345976391]
--POFIFO--
[766.012789290412, 662.2502584174222]
--------
--params--
other_parameters(10, [0.1077788696304862, 0.10410752566654136, 0.10201817771196317, 0.1005612411557881, 0.09944549738188722, 0.09854306406269622, 0.09778645956981528, 0.09713575611414804, 0.09656539003750872, 0.09605801866916548], 30, 0.6780815259918228, 2.318806156194082, 1)
--netparams--
network_parameters(35, 4, 5.0, 3.7, 29.67413253642086, 148.3706626821043, 1.0)
--constparams--
constraint_parameters(1.0, 100.0, 4, 2)
--ALT--
[692.9482652327339, 593.8857166141859, 549.6497473340983, 524.1200491450281]
--SUB--
[687.8893449306969, 593.083554275161, 548.1514711193499, 521.4439316648849]
--POLRU--
[770.1632015330023, 665.2524664604686, 614.2619636151597, 584.0213773657401]
--POLFU--
[771.2054255594734, 666.0307368566255, 615.0999538076671, 584.6947132786886]
--POFIFO--
[770.1948718775933, 665.1639933251316, 614.3242502762464, 584.3028639560405]
--------
--params--
other_parameters(10, [0.1077788696304862, 0.10410752566654136, 0.10201817771196317, 0.1005612411557881, 0.09944549738188722, 0.09854306406269622, 0.09778645956981528, 0.09713575611414804, 0.09656539003750872, 0.09605801866916548], 30, 0.6780815259918228, 2.318806156194082, 1)
--netparams--
network_parameters(35, 4, 5.0, 3.7, 29.67413253642086, 148.3706626821043, 1.0)
--constparams--
constraint_parameters(1.0, 100.0, 4, 2)
--ALT--
[629.3210257162734, 545.7727238618518, 499.38920348693387, 475.48943296327207]
--SUB--
[640.8314189807086, 569.314713876144, 517.875013329085, 497.0909078598819]
--POLRU--
[765.5172048139495, 661.5612170907596, 611.271375729649, 581.0591767666548]
--POLFU--
[766.3407154835626, 662.2100747984534, 611.4690848475335, 581.4665411883739]
--POFIFO--
[772.8363275478861, 667.8568632926997, 616.7873608584109, 586.581447494796]
--------
--params--
other_parameters(10, [0.1077788696304862, 0.10410752566654136, 0.10201817771196317, 0.1005612411557881, 0.09944549738188722, 0.09854306406269622, 0.09778645956981528, 0.09713575611414804, 0.09656539003750872, 0.09605801866916548], 30, 0.6780815259918228, 2.318806156194082, 1)
--netparams--
network_parameters(35, 4, 5.0, 3.7, 29.67413253642086, 148.3706626821043, 1.0)
--constparams--
constraint_parameters(1.0, 100.0, 4, 2)
--ALT--
[613.5326448609967, 531.304245690696, 490.9819462680256, 466.46716923620477, 449.4147196413797, 438.5390857467875, 428.70243005632176, 421.69832259834675, 416.6098978559395, 411.66955517525, 407.8328361783348, 405.22034995429607, 400.1424357179883, 397.441714337441, 395.4881349487825, 395.3514200269806, 392.5629283693879, 390.20276971164327, 388.6745840821394]
--SUB--
[618.5898005439077, 536.1088609042482, 494.7434999037698, 470.2706051023197, 455.52815950055026, 443.8092220452453, 433.9626434891816, 426.16802344501065, 418.92579496144356, 414.5619367633568, 411.65818130923265, 426.3825763175967, 412.32533585981633, 422.21620209013054, 400.5241393965445, 398.95934334679873, 396.1054217575418, 394.0351362650484, 396.4294228162246]
--POLRU--
[758.6311629574644, 656.1128054539466, 605.9180129460093, 576.3751329751577, 556.4137572742999, 542.219592005636, 531.4800112790689, 523.1238158679695, 516.2165979706732, 510.22928999641624, 505.71904158217285, 501.79003401105916, 497.8278846567001, 495.54844505343425, 492.8881549828906, 490.2932969792097, 488.54557840625506, 487.0809655882698, 485.123871117136]
--POLFU--
[764.8355531583801, 660.8384223348614, 610.0514793469355, 580.3890735659729, 560.1046208127624, 545.6740100037098, 535.2005957367451, 526.4212941195747, 519.7031854101789, 513.6161397457266, 509.36554346170544, 505.1748969168424, 501.16002292152484, 498.6749789347105, 495.9777850546479, 493.53027246905583, 491.8340175191094, 490.0380075543671, 488.02254383265097]
--POFIFO--
[759.3801281031874, 656.948216198097, 606.9439460643468, 577.2542985334285, 557.0711543256425, 542.8875983134694, 532.171574493343, 523.4329091491219, 517.1320485305894, 511.11820326251814, 506.86407309694073, 502.8574245032603, 499.458876305864, 496.4793615916397, 493.7155379293661, 491.2339701240232, 489.30645317706336, 487.66329226258136, 485.9677201626748]
--------
--params--
other_parameters(10, [0.14358314856381882, 0.12073855491815678, 0.10909960013700375, 0.10152861801359177, 0.0960198385600431, 0.0917414626608201, 0.08827321870047716, 0.08537505093329303, 0.08289776947441484, 0.08074273803838064], 30, 0.3741462848662341, 0.8699083573954718, 1)
--netparams--
network_parameters(35, 4, 5.0, 3.7, 29.67413253642086, 148.3706626821043, 1.0)
--constparams--
constraint_parameters(1.0, 400.0, 4, 2)
--------
--params--
other_parameters(10, [0.14358314856381882, 0.12073855491815678, 0.10909960013700375, 0.10152861801359177, 0.0960198385600431, 0.0917414626608201, 0.08827321870047716, 0.08537505093329303, 0.08289776947441484, 0.08074273803838064], 30, 0.6780815259918228, 2.318806156194082, 1)
--netparams--
network_parameters(35, 4, 5.0, 3.7, 29.67413253642086, 148.3706626821043, 1.0)
--constparams--
constraint_parameters(1.0, 100.0, 4, 2)
--ALT--
[776.7382822709205, 666.2916513460232]
--SUB--
[781.6658932344501, 666.2351909851876]
--POLRU--
[1130.0026981435121, 987.2943064688609]
--POLFU--
[1128.7942203273128, 986.1967966475058]
--POFIFO--
[1142.7583760211307, 998.8689516379138]
--------
--params--
other_parameters(10, [0.14358314856381882, 0.12073855491815678, 0.10909960013700375, 0.10152861801359177, 0.0960198385600431, 0.0917414626608201, 0.08827321870047716, 0.08537505093329303, 0.08289776947441484, 0.08074273803838064], 30, 0.6780815259918228, 2.318806156194082, 1)
--netparams--
network_parameters(35, 4, 5.0, 3.7, 29.67413253642086, 148.3706626821043, 1.0)
--constparams--
constraint_parameters(1.0, 100.0, 4, 2)
--ALT--
[860.7220483447992, 745.452515845399, 686.3180142218666, 649.9164316136645, 625.1219800113745, 607.1589404009137, 593.6567012844206, 582.866705408378, 574.1685008054056, 567.0409060435632, 560.4699133520132, 555.9896457008169, 552.0224695299376, 547.870936511481, 544.4465468765272, 541.6384151812264, 538.868776124558, 536.4878524677318, 534.7277323043528]
--SUB--
[860.716582562261, 745.455849066637, 686.3103407033125, 649.9351108850583, 625.2758331037907, 607.164397484674, 593.5023975425308, 582.9015897975585, 575.4942304965036, 567.2128083536459, 561.115991490492, 557.1385592504968, 552.1220295149506, 547.9575494600468, 544.5362719432321, 541.6119780930148, 538.9574904857465, 536.5597228320374, 534.4104646547241]
--POLRU--
[1136.5105354227699, 992.8799655034085, 919.1550330868426, 874.1080270589415, 843.8949021932702, 821.7698229251483, 804.5019849233947, 791.3437262845255, 780.5412396108626, 771.7754983846156, 764.4203534977969, 758.0136846831899, 752.8373963295377, 747.536243598773, 743.5232157899517, 739.794738481338, 736.473734046625, 733.5841635741949, 731.0285125644151]
--POLFU--
[1130.2636916993915, 987.2887278188359, 914.2222106724826, 869.1351281273778, 838.6808651873342, 816.6635653349028, 799.7083809474335, 786.7495229584966, 775.8782119537626, 767.0507466700021, 760.0080051631767, 753.3540480047092, 748.1826918203164, 743.2254036587251, 739.1124338371061, 735.3661758641282, 731.953573837686, 729.0289194462713, 726.66707172832]
--POFIFO--
[1141.8118900566524, 997.5813578011163, 923.5246002921064, 878.2750235431782, 847.9870149599411, 825.8052746214116, 808.6382972986517, 795.6539978785546, 784.4836389617776, 775.5655715921414, 768.4028557343606, 761.9217941889992, 756.282739614333, 751.4436083192305, 747.1486591005724, 743.7108680247704, 740.3539106505849, 737.1068703942216, 734.7680368008066]
--------
--params--
other_parameters(10, [0.14358314856381882, 0.12073855491815678, 0.10909960013700375, 0.10152861801359177, 0.0960198385600431, 0.0917414626608201, 0.08827321870047716, 0.08537505093329303, 0.08289776947441484, 0.08074273803838064], 30, 0.6780815259918228, 2.318806156194082, 1)
--netparams--
network_parameters(35, 4, 5.0, 3.7, 29.67413253642086, 148.3706626821043, 1.0)
--constparams--
constraint_parameters(1.0, 100.0, 4, 2)
--ALT--
[743.0532724376159, 635.4033913376206]
--SUB--
[741.6535848764723, 634.2517885012317]
--POLRU--
[1126.913593257398, 984.0750998217802]
--POLFU--
[1120.9998539805235, 978.9359866065647]
--POFIFO--
[1141.713901416556, 997.5967377652548]
--------
--params--
other_parameters(10, [0.14358314856381882, 0.12073855491815678, 0.10909960013700375, 0.10152861801359177, 0.0960198385600431, 0.0917414626608201, 0.08827321870047716, 0.08537505093329303, 0.08289776947441484, 0.08074273803838064], 30, 0.6780815259918228, 2.318806156194082, 1)
--netparams--
network_parameters(35, 4, 5.0, 3.7, 29.67413253642086, 148.3706626821043, 1.0)
--constparams--
constraint_parameters(1.0, 100.0, 4, 2)
--ALT--
[599.835185319288, 506.17857250055357]
--SUB--
[599.8980523833372, 506.35096229824114]
--POLRU--
[873.1563648678169, 757.0188772178241]
--POLFU--
[864.6084791496104, 749.3862598468405]
--POFIFO--
[881.1818354328107, 764.6153783661579]
--------
--params--
other_parameters(10, [0.14358314856381882, 0.12073855491815678, 0.10909960013700375, 0.10152861801359177, 0.0960198385600431, 0.0917414626608201, 0.08827321870047716, 0.08537505093329303, 0.08289776947441484, 0.08074273803838064], 30, 0.6780815259918228, 2.318806156194082, 1)
--netparams--
network_parameters(35, 4, 5.0, 3.7, 29.67413253642086, 148.3706626821043, 1.0)
--constparams--
constraint_parameters(1.0, 100.0, 4, 2)
--ALT--
[698.5456181489513, 605.2885694186352, 545.6393036972618, 513.4696324088945, 490.8466113331142, 483.88953011159936, 463.84366950252434, 461.4543418761546, 453.85672678457763, 440.499821957653, 440.83198857241234, 429.9140582503031, 426.09220693761165, 430.16219094734316, 420.5727562694343, 416.7471722201283, 421.024193197473, 419.2879774753876, 411.64996790708824]
--SUB--
[706.7922003723547, 605.6796519731598, 549.201401686281, 513.6051303458619, 491.70744127684327, 476.01553760417534, 463.91361949775654, 454.45081953578534, 454.06758145456433, 440.48098325324963, 435.16552854734414, 438.19876269125814, 426.92915793282464, 423.5544866729073, 427.58681155811195, 418.11699323137736, 415.6300365079055, 414.52273466045057, 411.6280582743776]
--POLRU--
[877.4532517457102, 761.1729880909194, 701.2548187738813, 664.0035510525792, 638.6716861585085, 620.4291967068559, 606.4217381476694, 595.4697612352974, 586.4303633000063, 579.2766474493707, 573.1317148177139, 567.8307027631629, 563.3365799839868, 559.4051946324139, 555.9962317200478, 552.8099321849039, 550.2044081063253, 547.7551389370325, 545.6425921101055]
--POLFU--
[871.5573299473976, 755.555750996439, 696.2148750074703, 659.0963809867167, 633.9626272844147, 615.7184408268477, 601.7681346347684, 590.9788842316029, 581.9234078951898, 574.7581433552953, 568.6553170528925, 563.3758021046217, 558.8601325956964, 555.0784361484897, 551.531835389183, 548.4669781431152, 545.8956351324413, 543.4034963754258, 541.1570409127472]
--POFIFO--
[882.647261696611, 765.7642755379842, 705.6181113417584, 668.4597404980383, 643.142428108429, 624.7340134174972, 610.6330810402488, 599.6237097884103, 590.765392715287, 583.3443814810627, 577.1456658274365, 572.1035353038642, 567.3569441839478, 563.4977784071375, 560.1168976252764, 557.0078002046938, 554.2317768290549, 551.7277775917559, 549.5816756515125]
--------
--params--
other_parameters(10, [0.14358314856381882, 0.12073855491815678, 0.10909960013700375, 0.10152861801359177, 0.0960198385600431, 0.0917414626608201, 0.08827321870047716, 0.08537505093329303, 0.08289776947441484, 0.08074273803838064], 30, 3.443245233258393, 19.041956735456676, 1)
--netparams--
network_parameters(35, 4, 5.0, 3.7, 29.67413253642086, 148.3706626821043, 1.0)
--constparams--
constraint_parameters(1.0, 10.0, 4, 2)
--ALT--
[551.5366138644216, 392.6874687628914, 342.19468152042555, 316.2390477343198, 300.31148434404315, 312.5460515458677, 281.65473245159615, 275.6917213826124, 271.0144646500054, 267.22041091694655]
--SUB--
[574.565963567634, 392.7086647539041, 342.2036689061078, 316.3508703244485, 296.1482753068444, 285.3528714011361, 281.7982184740538, 273.6209146813424, 267.5564314841989, 263.1102053976584]
--POLRU--
[958.5495501645191, 716.1847005600326, 642.6069830626338, 603.7915837020438, 579.1983668455528, 562.5035220347467, 550.0676991143674, 540.4615742985624, 533.0547203420999, 526.9918274231948]
--POLFU--
[948.8554943542986, 709.3917716350403, 636.0531808504159, 597.3598369692681, 572.9262122179158, 556.1177102440442, 543.6216352869726, 534.1869035613532, 526.6978906724671, 520.6377826623522]
--POFIFO--
[978.9371565786777, 730.4441482864898, 655.831221096032, 616.3610407131492, 591.4883948712261, 574.3227095021189, 561.8745804589284, 552.2563947596561, 544.6957591706933, 538.7131797821]
--------
--params--
other_parameters(10, [0.14358314856381882, 0.12073855491815678, 0.10909960013700375, 0.10152861801359177, 0.0960198385600431, 0.0917414626608201, 0.08827321870047716, 0.08537505093329303, 0.08289776947441484, 0.08074273803838064], 30, 3.443245233258393, 19.041956735456676, 1)
--netparams--
network_parameters(35, 4, 5.0, 3.7, 29.67413253642086, 148.3706626821043, 1.0)
--constparams--
constraint_parameters(1.0, 10.0, 4, 2)
--ALT--
[621.1801436011309, 455.78408786708206, 407.26433955889445, 375.55690858791434, 358.47199127188026, 350.93406385707823, 338.23849482899794, 331.75518478121796, 326.55725623113653, 320.3471598882686]
--SUB--
[621.2144663116435, 458.4297350304421, 405.1501047501511, 373.55936990597877, 360.5786128024505, 350.9391308962504, 340.3464989534715, 331.69920880425605, 328.642317005476, 326.53913048237223]
--POLRU--
[974.721189917402, 724.7054898942915, 649.6328189559997, 609.9489978579708, 585.1016800196605, 567.8817363823262, 555.3213924633212, 545.530954342204, 538.0100170021707, 531.7070981964135]
--POLFU--
[958.9542758699844, 715.3808595525448, 640.9987235965327, 601.8436313921253, 577.0175734043479, 560.0677052176245, 547.4707190113239, 537.8634640029381, 530.3164615427321, 524.0017531826471]
--POFIFO--
[985.2068916931471, 733.4179906576071, 658.0539346121236, 618.3629494415102, 593.2762746481249, 576.0873287271268, 563.3594291616827, 553.6936701956231, 546.0702915154628, 539.7267879306272]
--------
--params--
other_parameters(10, [0.14358314856381882, 0.12073855491815678, 0.10909960013700375, 0.10152861801359177, 0.0960198385600431, 0.0917414626608201, 0.08827321870047716, 0.08537505093329303, 0.08289776947441484, 0.08074273803838064], 30, 3.443245233258393, 19.041956735456676, 1)
--netparams--
network_parameters(35, 4, 5.0, 3.7, 29.67413253642086, 148.3706626821043, 1.0)
--constparams--
constraint_parameters(1.0, 10.0, 4, 2)
--ALT--
[781.0140245309624, 640.9659288018156, 580.7288465124714, 539.7607231431435, 512.8411081891308, 492.99757931028296, 482.27820568203094, 465.57404212489246, 455.7118232145724, 447.4281064906402, 440.5397792783289, 438.6517800003014, 429.3120639705127, 424.7474950858658, 422.8769271011423, 423.3616409126703, 418.1321651459983, 413.17891846223614, 408.8504422658896, 406.5530904901374, 406.01692337795225, 401.90202933054564, 400.5156216638681]
--SUB--
[774.6625342776028, 640.9667641568856, 578.6171831889347, 539.7522215881561, 512.8620993408745, 493.0980687091113, 477.7116745691357, 465.57236766429173, 455.6692153726983, 447.41676057689205, 442.5535330809013, 434.4658382770326, 431.6004326359278, 424.77596680669086, 420.73188823469695, 417.148896460056, 414.04756218147065, 411.07669028170176, 408.8395571455063, 406.1271807278041, 404.0808081404575, 401.87641628813907, 400.2328540007672]
--POLRU--
[971.5966275989194, 796.6540107575079, 724.8926952353546, 680.7751107276819, 650.3790236014579, 628.2377229001306, 611.0261965564583, 597.4453027357608, 586.3662239431787, 577.0698301702457, 569.1883822678159, 562.4911731689322, 556.6869234863912, 551.5542960001685, 547.1550176442022, 543.4572050236458, 539.4686108020925, 536.3029731699551, 533.2719516044874, 531.1254133200846, 528.2740361540395, 526.6059636900325, 523.8825929154749]
--POLFU--
[957.1393644290151, 786.9127430412503, 716.0128858306878, 672.4254400704018, 642.3334974653658, 620.2274328210208, 603.2712301658777, 589.8045538869957, 578.7793660456679, 569.5600635847711, 561.9611212821465, 555.2150895767528, 549.3713088709475, 544.3914792445831, 539.8971338942703, 536.3038985967933, 532.3681836448214, 529.2369319689111, 526.1890046548283, 524.0764289239995, 521.1510715537597, 519.446119834401, 516.9103909190585]
--POFIFO--
[989.5639238439725, 809.5859489030632, 736.869973183777, 692.052094550469, 661.4680766506234, 639.063817578978, 621.7226350033869, 607.7609271501846, 596.4861882012542, 587.1661770443686, 579.2722665814964, 572.5689241145016, 566.5270467562157, 561.4982330637034, 556.8477002301968, 553.2679124969607, 549.1542326739967, 545.9871967080696, 542.9684763817552, 540.8378364886205, 538.0249967589458, 535.6268615350799, 533.4102965911404]
--------
--params--
other_parameters(10, [0.14358314856381882, 0.12073855491815678, 0.10909960013700375, 0.10152861801359177, 0.0960198385600431, 0.0917414626608201, 0.08827321870047716, 0.08537505093329303, 0.08289776947441484, 0.08074273803838064], 30, 0.6780815259918228, 2.318806156194082, 1)
--netparams--
network_parameters(35, 4, 5.0, 3.7, 29.67413253642086, 148.3706626821043, 1.0)
--constparams--
constraint_parameters(1.0, 100.0, 4, 2)
--ALT--
[357.10041566880665, 347.6700572074126, 344.47377711782474, 350.8807397457779, 349.13049377998436]
--SUB--
[349.94516681342793, 354.84825533772766, 352.80211346030484, 343.63414887433817, 349.14313422272426]
--POLRU--
[432.84752189957794, 430.3005919648044, 428.0401697279506, 426.61489797582885, 423.8074668614967]
--POLFU--
[431.1691010510502, 428.6333861968981, 426.3265526333473, 424.98120565881794, 422.06821330119396]
--POFIFO--
[435.3159108935743, 432.86531318107654, 430.47128257963004, 429.3449564325437, 426.3382376869481]
--------
--params--
other_parameters(10, [0.14358314856381882, 0.12073855491815678, 0.10909960013700375, 0.10152861801359177, 0.0960198385600431, 0.0917414626608201, 0.08827321870047716, 0.08537505093329303, 0.08289776947441484, 0.08074273803838064], 30, 3.443245233258393, 19.041956735456676, 1)
--netparams--
network_parameters(35, 4, 5.0, 3.7, 29.67413253642086, 148.3706626821043, 1.0)
--constparams--
constraint_parameters(1.0, 10.0, 4, 2)
--ALT--
[638.4288545709442, 524.6111264940619, 474.8125200387426, 444.15652922787865, 423.36431171272454, 408.0368849833439, 396.2691835029001, 386.96014510629914, 379.3800213442693, 374.88974637293444, 369.7105166884896, 361.09036103132496, 357.1815612514746, 357.74745567079356, 350.5391710306148, 345.8352406342815, 347.4711244742305, 341.2076658002071, 341.30370440570744, 341.5693711975947, 335.725394329801, 336.7913041842908, 334.8612328430512]
--SUB--
[633.4524860536843, 524.6513118613632, 476.83068664311384, 446.2286564936661, 425.3460400993426, 410.010460706387, 394.2233024074659, 386.96468797390776, 383.4864087155356, 375.0549748127156, 367.662211179612, 365.14702551309324, 361.24291316024016, 355.93111202860626, 350.7649410388192, 352.189109383388, 349.55419876350976, 343.3269066550625, 341.3240750497546, 339.4091674769525, 339.9585902369298, 340.3261140730489, 334.8511045769114]
--POLRU--
[986.4913383109177, 806.9818424071381, 733.956935736143, 689.0897104331109, 658.3582164888941, 635.7879503789853, 618.3513878895843, 604.5713569114429, 593.4186519082406, 583.8461525341222, 575.9091894144567, 569.079740984785, 563.19489698566, 558.1504379146162, 553.4207436922629, 549.4342238340092, 546.2211094659006, 542.7279296987489, 539.3783113493995, 536.7023975493478, 534.3021024669719, 532.4447178405163, 529.9456569473748]
--POLFU--
[971.1311897884897, 796.4535450998783, 724.1790174623419, 679.6437823544012, 649.2471918233044, 626.7574385703542, 609.633275559961, 595.8575035901307, 584.7308380909735, 575.2867579358918, 567.4256175858976, 560.637807673403, 554.8376604665117, 549.7080918597662, 545.0769119099112, 541.1250158767771, 537.8461015875046, 534.3731486495503, 531.2050259801283, 528.5349563266808, 526.1368685320804, 524.1432700316418, 521.8258383319087]
--POFIFO--
[994.1518824869585, 812.7040908792794, 739.7241425374145, 694.8384386004939, 664.1567173277061, 641.5146176850769, 624.1885863761206, 610.2708061390097, 598.9858009691659, 589.5895621878047, 581.6876910713944, 574.791079350276, 568.8825423573996, 563.8757488467277, 559.2039431403763, 555.3257300281009, 551.6153696640517, 548.4461781713699, 545.2739586217245, 542.5305757941328, 540.0448138959415, 538.3152214003238, 535.7803496552457]
--------
--params--
other_parameters(10, [0.14358314856381882, 0.12073855491815678, 0.10909960013700375, 0.10152861801359177, 0.0960198385600431, 0.0917414626608201, 0.08827321870047716, 0.08537505093329303, 0.08289776947441484, 0.08074273803838064], 30, 3.443245233258393, 19.041956735456676, 1)
--netparams--
network_parameters(35, 4, 5.0, 3.7, 29.67413253642086, 148.3706626821043, 1.0)
--constparams--
constraint_parameters(1.0, 10.0, 4, 2)
