--------
--params--
other_parameters(10, [0.2659832184041652, 0.158154567898778, 0.11668453387439633, 0.09403926870770386, 0.07954753629319324, 0.06938103894710407, 0.06180600983730833, 0.055916083718427094, 0.051188494248522606, 0.047299248070401284], 30, 0.6780815259918228, 1.1715728414583613, 1)
--netparams--
network_parameters(32, 1, 5.0, 3.7, 29.67413253642086, 59.34826507284172, 1.0)
--constparams--
constraint_parameters(1.0, 100.0, 4, 2)
--ALT--
[231.5253997981927, 205.98618191620176, 170.65943282090663, 112.9483471730817, 78.07585904176105, 79.47726863783703, 43.23956339744508, 39.46089562781718, 40.857469344871376, 39.02859387155866, 29.297173611439753, 29.65552966302153, 30.32234010967719]
--POLRU--
[205.93119225206985, 186.864945765186, 148.30716995716716, 101.34783018472153, 71.64447143524131, 77.17068124402127, 41.45135507102472, 40.452279608324645, 39.597921626877714, 38.73625361040211, 30.496317456238796, 30.4633234295667, 40.925462803885765]
--POLFU--
[205.9048425407297, 186.96502105720788, 148.234753038281, 101.19372732862294, 71.15584942956608, 76.1711035127489, 40.13052284196855, 38.84593620930281, 38.11742793879048, 37.748517832603646, 28.84627797315773, 28.838965568546186, 36.09743048557402]
--------
--params--
other_parameters(10, [0.2659832184041652, 0.158154567898778, 0.11668453387439633, 0.09403926870770386, 0.07954753629319324, 0.06938103894710407, 0.06180600983730833, 0.055916083718427094, 0.051188494248522606, 0.047299248070401284], 30, 0.6780815259918228, 1.1715728414583613, 1)
--netparams--
network_parameters(32, 1, 5.0, 3.7, 29.67413253642086, 59.34826507284172, 1.0)
--constparams--
constraint_parameters(1.0, 100.0, 4, 2)
--ALT--
[166.0467587582292, 158.01018217528608]
--POLRU--
[192.07416439097886, 181.84162226291497]
--POLFU--
[192.38569268414406, 181.42406203067722]
--------
--params--
other_parameters(10, [0.2659832184041652, 0.158154567898778, 0.11668453387439633, 0.09403926870770386, 0.07954753629319324, 0.06938103894710407, 0.06180600983730833, 0.055916083718427094, 0.051188494248522606, 0.047299248070401284], 29, 0.6780815259918228, 1.1715728414583613, 1)
--netparams--
network_parameters(32, 2, 5.0, 3.7, 29.67413253642086, 59.34826507284172, 1.0)
--constparams--
constraint_parameters(1.0, 100.0, 4, 2)
--------
--params--
other_parameters(10, [0.2659832184041652, 0.158154567898778, 0.11668453387439633, 0.09403926870770386, 0.07954753629319324, 0.06938103894710407, 0.06180600983730833, 0.055916083718427094, 0.051188494248522606, 0.047299248070401284], 30, 0.6780815259918228, 1.1715728414583613, 1)
--netparams--
network_parameters(32, 1, 5.0, 3.7, 29.67413253642086, 59.34826507284172, 1.0)
--constparams--
constraint_parameters(1.0, 100.0, 4, 2)
--ALT--
[144.3757396460302, 123.42164561127879, 123.06846344733874, 118.03488211700129, 92.50363478664315, 57.05072520740054, 40.53173072392313, 31.099774829115198, 29.21802557422745, 28.31327102764226, 28.472595789888715, 26.836017093997356, 24.518408111090313, 48.78315397978908, 49.292909078909254, 64.3810559184432, 47.73001315535499, 64.49616560849178, 47.81026004631199, 43.96834420213316, 48.72551211661497, 53.12513172358085, 82.78428638165437, 143.03459743198457, 74.70158333820525, 66.0888577353171, 60.12292536105231, 90.66548909221339, 86.58668606179276, 87.85543452730467]
--POLRU--
[134.29583271813487, 111.46584273803128, 116.38111826172769, 121.35479747186719, 100.55591473348541, 65.48440292646302, 42.63201114163554, 36.30012181743959, 33.63070216024234, 34.10345909532064, 33.47812864446226, 32.48951803958092, 29.222458754438595, 53.918963227731, 54.620201542094065, 56.650005832989955, 56.69342292350877, 60.48464015829073, 70.53891454257331, 69.01573113757847, 67.07707665958783, 83.66426564956261, 81.67042350285962, 94.46995150503315, 96.82611850041366, 109.28628262772484, 106.33867203346354, 109.36900960467219, 111.138435356339, 108.2446637725691]
--POLFU--
[134.11583163284212, 111.19603554253648, 115.71783635076604, 119.72780130092423, 99.55514094001045, 64.10716030913777, 40.91560858911043, 34.47555857499589, 31.9901777286123, 33.14338710879222, 32.2470437654551, 30.888135685608198, 27.3579084077662, 52.95046234506665, 52.484275422443815, 53.51208858115904, 52.32451576465087, 55.63111749259954, 62.97019430674408, 62.166432233632285, 60.739754442053346, 72.38517434984482, 69.95676615674765, 79.61001399042671, 82.55687568542096, 91.544996758466, 90.98797751159073, 92.64107098885177, 90.72773606788174, 90.0138302840997]
--------
--params--
other_parameters(10, [0.2659832184041652, 0.158154567898778, 0.11668453387439633, 0.09403926870770386, 0.07954753629319324, 0.06938103894710407, 0.06180600983730833, 0.055916083718427094, 0.051188494248522606, 0.047299248070401284], 20, 0.6780815259918228, 1.1715728414583613, 1)
--netparams--
network_parameters(22, 1, 5.0, 3.7, 29.67413253642086, 59.34826507284172, 1.0)
--constparams--
constraint_parameters(1.0, 100.0, 4, 2)
--ALT--
[69.08576399251939, 69.46036883980706, 69.84918428816984, 52.73112383819895, 43.65896266425185, 32.135423691980094, 24.262988652842402, 13.214602572050918, 10.328720830920727, 9.782306250288]
--POLRU--
[62.557230958160915, 68.86143968048972, 69.76482073003399, 52.479114670352686, 47.689298382510835, 34.96643609421681, 28.990257623316374, 17.923831127076546, 15.384388058360093, 13.093247395899285]
--POLFU--
[62.48975101276989, 68.13254880569879, 68.29507237594434, 51.124531657578245, 46.00095227855664, 33.28263301482083, 27.484101136162963, 16.952238310119913, 14.154885267703724, 12.134482938408722]
--------
--params--
other_parameters(10, [0.2659832184041652, 0.158154567898778, 0.11668453387439633, 0.09403926870770386, 0.07954753629319324, 0.06938103894710407, 0.06180600983730833, 0.055916083718427094, 0.051188494248522606, 0.047299248070401284], 20, 0.6780815259918228, 1.1715728414583613, 1)
--netparams--
network_parameters(31, 10, 5.0, 3.7, 29.67413253642086, 59.34826507284172, 1.0)
--constparams--
constraint_parameters(1.0, 100.0, 4, 2)
--ALT--
[26.60606403273138, 12.71284294710938, 18.722529371163926, 11.963788870837467, 10.020140373876115, 8.115060566985655, 7.605361958383463, 52.107338618293745, 39.48696553370149, 55.01333908787082]
--POLRU--
[49.903282383623754, 31.051847172051303, 32.72394520185671, 31.732413460549914, 18.787847636506946, 16.581463031339737, 22.850257082510012, 43.81182115573177, 43.6045306676395, 43.97421712788387]
--POLFU--
[45.17776117375296, 27.27575329871312, 27.722202784937753, 26.922202676958435, 16.589048756893312, 14.547469144798605, 19.477535772279506, 37.86481607632209, 37.57605378649093, 38.824798310583304]
--------
--params--
other_parameters(10, [0.2659832184041652, 0.158154567898778, 0.11668453387439633, 0.09403926870770386, 0.07954753629319324, 0.06938103894710407, 0.06180600983730833, 0.055916083718427094, 0.051188494248522606, 0.047299248070401284], 20, 0.6780815259918228, 1.1715728414583613, 1)
--netparams--
network_parameters(22, 1, 5.0, 3.7, 29.67413253642086, 59.34826507284172, 1.0)
--constparams--
constraint_parameters(1.0, 100.0, 4, 2)
--------
--params--
other_parameters(10, [0.2659832184041652, 0.158154567898778, 0.11668453387439633, 0.09403926870770386, 0.07954753629319324, 0.06938103894710407, 0.06180600983730833, 0.055916083718427094, 0.051188494248522606, 0.047299248070401284], 20, 0.6780815259918228, 1.1715728414583613, 1)
--netparams--
network_parameters(22, 1, 5.0, 3.7, 29.67413253642086, 59.34826507284172, 1.0)
--constparams--
constraint_parameters(1.0, 100.0, 4, 2)
--ALT--
[206.05572529124862, 171.47730263261133, 126.50581395253721, 105.63649830035556, 70.90213497146648, 52.285727482662416, 42.43482811780597, 27.374721871635966, 20.446082366783163, 20.577044291369557]
--POLRU--
[103.8141759213091, 87.67378680162335, 86.483020361522, 78.97902297183539, 59.186277240118606, 44.52135155676341, 26.35387616650927, 18.831244224263607, 13.310347587680608, 13.210439511793366]
--POLFU--
[103.79290049479395, 87.45228775555222, 85.39255285681496, 77.57620998428857, 58.36107970665967, 42.80480271590194, 25.385967885479978, 17.678433789252093, 12.77541335350407, 12.677902338161177]
--------
--params--
other_parameters(10, [0.2659832184041652, 0.158154567898778, 0.11668453387439633, 0.09403926870770386, 0.07954753629319324, 0.06938103894710407, 0.06180600983730833, 0.055916083718427094, 0.051188494248522606, 0.047299248070401284], 20, 0.6780815259918228, 1.1715728414583613, 1)
--netparams--
network_parameters(22, 1, 5.0, 3.7, 29.67413253642086, 59.34826507284172, 1.0)
--constparams--
constraint_parameters(1.0, 100.0, 4, 2)
--ALT--
[746.0830319216805, 543.1525263136264, 486.2680631945161, 388.4010793658688, 233.65190276068958, 177.94524815592766, 116.11820944353882, 73.01564817909215, 67.27995603382392, 67.23235785699332]
--POLRU--
[754.7443068018126, 552.955128219982, 546.0889532208022, 399.5650341065342, 246.431368007612, 191.04596207708647, 130.22874538577418, 87.02846038982344, 81.42803749150048, 81.9179558582717]
--POLFU--
[754.6090640034396, 552.539498048547, 543.3180949202072, 398.90992351211213, 245.55610227405074, 190.22553024642465, 129.21320722122235, 86.05247472851975, 80.17174817813846, 80.36929826362962]
--------
--params--
other_parameters(10, [0.2659832184041652, 0.158154567898778, 0.11668453387439633, 0.09403926870770386, 0.07954753629319324, 0.06938103894710407, 0.06180600983730833, 0.055916083718427094, 0.051188494248522606, 0.047299248070401284], 20, 0.6780815259918228, 1.1715728414583613, 1)
--netparams--
network_parameters(22, 1, 5.0, 3.7, 29.67413253642086, 59.34826507284172, 1.0)
--constparams--
constraint_parameters(1.0, 100.0, 4, 2)
--ALT--
[132.08355438684765, 117.27568679078456, 97.93302409561326, 81.48620448898112, 38.34123706634722, 25.651449493387226, 25.99478618705728, 25.65437145674448, 22.670496977934455, 20.166002723101517]
--POLRU--
[134.142615435239, 117.4971080303494, 112.39527340226304, 89.74322196052846, 43.152906160068696, 42.019606930257815, 42.33991502278066, 42.430470370580686, 33.34624135579786, 29.342998188757587]
--POLFU--
[134.12032932879555, 117.32275158138043, 111.25742687065562, 88.86276346066475, 42.54043145506794, 40.874218963609664, 41.67166226369632, 41.44241022139005, 32.5246859590538, 28.72481457049119]
--------
--params--
other_parameters(10, [0.2659832184041652, 0.158154567898778, 0.11668453387439633, 0.09403926870770386, 0.07954753629319324, 0.06938103894710407, 0.06180600983730833, 0.055916083718427094, 0.051188494248522606, 0.047299248070401284], 20, 0.6780815259918228, 1.1715728414583613, 1)
--netparams--
network_parameters(22, 1, 5.0, 3.7, 29.67413253642086, 59.34826507284172, 1.0)
--constparams--
constraint_parameters(1.0, 100.0, 8, 4)
--ALT--
[168.8516089262931, 133.43353044430515, 119.17260700084087, 98.19142469984605, 67.8900925858421, 60.76048723579416, 26.867238019269394, 20.8924538362706, 17.240236270722647, 17.4217638487112]
--POLRU--
[169.96005341631476, 134.95040613742847, 120.41205503217782, 111.11995836091221, 78.49105191671939, 69.23491841015372, 30.136798509597103, 24.120216388467398, 20.433835784297735, 20.56620078168167]
--POLFU--
[169.84847972069392, 134.71757862609596, 120.1907962783384, 109.3685618913422, 76.4495491818434, 68.28970090204852, 29.565427511663447, 23.539339078342046, 20.08824759822029, 19.993690793436738]
--------
--params--
other_parameters(10, [0.2659832184041652, 0.158154567898778, 0.11668453387439633, 0.09403926870770386, 0.07954753629319324, 0.06938103894710407, 0.06180600983730833, 0.055916083718427094, 0.051188494248522606, 0.047299248070401284], 20, 0.6780815259918228, 1.1715728414583613, 1)
--netparams--
network_parameters(22, 1, 5.0, 3.7, 29.67413253642086, 59.34826507284172, 1.0)
--constparams--
constraint_parameters(1.0, 100.0, 8, 4)
--ALT--
[126.03514470092637, 120.87454038294166, 84.50713894919161, 53.51603673388024, 53.52245370311044, 53.51649587218798, 42.59847058538852, 36.9444911688383, 24.159212939450338, 21.100771312478358]
--POLRU--
[65.02930429090068, 65.14717631739697, 55.34530143561995, 48.11836540553967, 49.13412231793727, 48.65711355924574, 35.43860068469584, 30.936284358901517, 20.05321426273096, 18.31296358708355]
--POLFU--
[64.99968097938152, 64.38106951829643, 52.48651240375326, 43.98059909548767, 45.28803767780798, 44.90397906166636, 31.626503836806737, 27.82297215642404, 18.179686108533588, 16.385492095795545]
--------
--params--
other_parameters(10, [0.2659832184041652, 0.158154567898778, 0.11668453387439633, 0.09403926870770386, 0.07954753629319324, 0.06938103894710407, 0.06180600983730833, 0.055916083718427094, 0.051188494248522606, 0.047299248070401284], 20, 0.6780815259918228, 1.1715728414583613, 1)
--netparams--
network_parameters(22, 1, 5.0, 3.7, 29.67413253642086, 59.34826507284172, 1.0)
--constparams--
constraint_parameters(1.0, 100.0, 8, 4)
--ALT--
[159.17185644515655, 118.63940481788391, 94.34064120590597, 93.32472331647834, 75.65599991781652, 41.56797351031735]
--POLRU--
[78.28088907328423, 67.70097236908282, 56.107394209852835, 55.895701603582914, 45.99860205689367, 23.743986794663925]
--POLFU--
[78.23756625788593, 66.56144398033238, 54.316016919778015, 54.170669611636505, 44.87828394315832, 22.908991351028064]
--------
--params--
other_parameters(10, [0.2659832184041652, 0.158154567898778, 0.11668453387439633, 0.09403926870770386, 0.07954753629319324, 0.06938103894710407, 0.06180600983730833, 0.055916083718427094, 0.051188494248522606, 0.047299248070401284], 20, 0.6780815259918228, 1.1715728414583613, 1)
--netparams--
network_parameters(27, 6, 5.0, 3.7, 29.67413253642086, 59.34826507284172, 1.0)
--constparams--
constraint_parameters(1.0, 100.0, 8, 4)
--ALT--
[36.20987339024188, 31.501197807543804, 23.715304504320294, 24.691938458237395, 23.27688387204967, 135.66210517761007]
--POLRU--
[19.673603073650142, 17.621414452734477, 13.5890736042981, 15.362240920176475, 14.842454566142987, 21.65287420635475]
--POLFU--
[19.268605910105702, 17.18711381634069, 13.070808995065331, 14.476452000882828, 13.928671417076107, 19.02708592752284]
--------
--params--
other_parameters(10, [0.2659832184041652, 0.158154567898778, 0.11668453387439633, 0.09403926870770386, 0.07954753629319324, 0.06938103894710407, 0.06180600983730833, 0.055916083718427094, 0.051188494248522606, 0.047299248070401284], 20, 0.6780815259918228, 1.1715728414583613, 1)
--netparams--
network_parameters(22, 1, 5.0, 3.7, 29.67413253642086, 59.34826507284172, 1.0)
--constparams--
constraint_parameters(1.0, 100.0, 8, 4)
--ALT--
[146.61053915875274, 127.80374352265211, 106.94611794427992, 64.60183713452516, 41.021691589442966, 37.785496285283]
--POLRU--
[70.92767685068216, 66.0587438077942, 55.04881628880622, 33.229952126344735, 33.89503144986487, 33.42184118153296]
--POLFU--
[70.89229651693162, 64.74404979106714, 54.808660381019415, 32.96434277066134, 31.64423402844657, 30.272973837078176]
--------
--params--
other_parameters(10, [0.2659832184041652, 0.158154567898778, 0.11668453387439633, 0.09403926870770386, 0.07954753629319324, 0.06938103894710407, 0.06180600983730833, 0.055916083718427094, 0.051188494248522606, 0.047299248070401284], 20, 0.6780815259918228, 1.1715728414583613, 1)
--netparams--
network_parameters(22, 1, 5.0, 3.7, 29.67413253642086, 59.34826507284172, 1.0)
--constparams--
constraint_parameters(1.0, 100.0, 8, 4)
--ALT--
[146.7792917031061, 84.7248600172867, 79.72560976116591, 55.879799218512254, 36.60633991313722, 31.568146067577988]
--POLRU--
[76.38220077044818, 43.48936173866206, 44.274430130819354, 31.665067220227947, 21.3680830040998, 17.24535567755909]
--POLFU--
[76.32542057779975, 43.29514529048272, 43.28447298798724, 30.860097137312454, 20.623409997629743, 16.758683860426366]
--------
--params--
other_parameters(10, [0.2659832184041652, 0.158154567898778, 0.11668453387439633, 0.09403926870770386, 0.07954753629319324, 0.06938103894710407, 0.06180600983730833, 0.055916083718427094, 0.051188494248522606, 0.047299248070401284], 20, 0.6780815259918228, 1.1715728414583613, 1)
--netparams--
network_parameters(22, 1, 5.0, 3.7, 29.67413253642086, 59.34826507284172, 1.0)
--constparams--
constraint_parameters(1.0, 100.0, 8, 4)
--ALT--
[159.8464663325668, 135.97644045509392, 116.74342977362826, 107.98354763481076, 87.46522105445158, 69.7942526611616]
--POLRU--
[81.90329861026021, 71.03918411850078, 60.73619393371277, 60.212949833118316, 50.122186181071065, 38.222501472602765]
--POLFU--
[81.908770686204, 70.87428299002511, 60.722578784581295, 58.991273692548575, 48.67037353290962, 37.34867594984196]
--------
--params--
other_parameters(10, [0.2659832184041652, 0.158154567898778, 0.11668453387439633, 0.09403926870770386, 0.07954753629319324, 0.06938103894710407, 0.06180600983730833, 0.055916083718427094, 0.051188494248522606, 0.047299248070401284], 20, 0.6780815259918228, 1.1715728414583613, 1)
--netparams--
network_parameters(22, 1, 5.0, 3.7, 29.67413253642086, 59.34826507284172, 1.0)
--constparams--
constraint_parameters(1.0, 100.0, 8, 4)
--ALT--
[220.18575402202393, 195.35029312553752, 192.46476561969024, 157.7244544904251, 99.40778482466196, 72.91396129728994]
--POLRU--
[107.37513600166672, 107.68388677622889, 107.59043860879275, 80.34612063731507, 53.43720901001363, 38.67125531361914]
--POLFU--
[107.26943044412116, 104.65060117948086, 105.11428750790185, 78.31138241857273, 52.13248479680594, 37.50952497706359]
--POFIFO--
[107.4698106193588, 108.93971648584184, 110.15296423523387, 80.98769663704984, 54.38693662934913, 39.22715043166218]
--------
--params--
other_parameters(10, [0.2659832184041652, 0.158154567898778, 0.11668453387439633, 0.09403926870770386, 0.07954753629319324, 0.06938103894710407, 0.06180600983730833, 0.055916083718427094, 0.051188494248522606, 0.047299248070401284], 20, 0.6780815259918228, 1.1715728414583613, 1)
--netparams--
network_parameters(22, 1, 5.0, 3.7, 29.67413253642086, 59.34826507284172, 1.0)
--constparams--
constraint_parameters(1.0, 100.0, 8, 4)
--ALT--
[432.64026431735107, 316.93934171673675, 293.11803162551917, 231.06389912724623, 182.54604675897357, 125.20126702442373]
--POLRU--
[370.0794769822629, 335.78103311435416, 306.6200451500433, 262.8819089756575, 192.53525607355624, 183.556370435588]
--POLFU--
[369.7381027101103, 333.18986623738704, 301.6916862364288, 254.1839790010216, 187.88162237468333, 169.19598740768055]
--POFIFO--
[371.2479213663175, 341.66342046767124, 312.4415972447786, 269.29869143405, 195.4666442395854, 185.79305736987627]
--------
--params--
other_parameters(10, [0.2659832184041652, 0.158154567898778, 0.11668453387439633, 0.09403926870770386, 0.07954753629319324, 0.06938103894710407, 0.06180600983730833, 0.055916083718427094, 0.051188494248522606, 0.047299248070401284], 20, 0.6780815259918228, 1.1715728414583613, 1)
--netparams--
network_parameters(22, 1, 5.0, 3.7, 29.67413253642086, 59.34826507284172, 1.0)
--constparams--
constraint_parameters(1.0, 100.0, 8, 4)
--ALT--
[566.4495244261902, 462.0178606851504, 462.01275367243386, 332.7128141122017, 238.6828331521042, 172.90568685236636]
--POLRU--
[476.86243670360307, 434.31590373002973, 434.09477627440737, 321.95736032970365, 240.07671425490312, 149.3140166512501]
--POLFU--
[476.37321864726437, 427.110229062365, 427.28755487146714, 314.51452354181913, 235.03282509462693, 148.14605454519562]
--POFIFO--
[477.28504938500043, 437.1344200967058, 439.22101582430616, 324.2324898250054, 243.05788950513173, 149.91606330071235]
--------
--params--
other_parameters(10, [0.2659832184041652, 0.158154567898778, 0.11668453387439633, 0.09403926870770386, 0.07954753629319324, 0.06938103894710407, 0.06180600983730833, 0.055916083718427094, 0.051188494248522606, 0.047299248070401284], 20, 0.6780815259918228, 1.1715728414583613, 1)
--netparams--
network_parameters(22, 1, 5.0, 3.7, 29.67413253642086, 59.34826507284172, 1.0)
--constparams--
constraint_parameters(1.0, 100.0, 8, 4)
--ALT--
[349.79049091816375, 297.9990926757839, 242.91697687233753, 226.5904591617215, 181.85138320396803, 151.70972784831395]
--POLRU--
[352.8826566243582, 300.37534788845056, 267.9772789345961, 255.39168485682586, 240.3065699623882, 193.9114976795729]
--POLFU--
[352.2976003612697, 299.54819813103194, 263.55755707416347, 251.05272971750696, 234.2894654162223, 187.73169894548928]
--POFIFO--
[353.4481775923448, 300.75456033156445, 270.1430189110737, 257.61760908266496, 247.25788379183086, 197.2484813147038]
--------
--params--
other_parameters(10, [0.2659832184041652, 0.158154567898778, 0.11668453387439633, 0.09403926870770386, 0.07954753629319324, 0.06938103894710407, 0.06180600983730833, 0.055916083718427094, 0.051188494248522606, 0.047299248070401284], 20, 0.6780815259918228, 1.1715728414583613, 1)
--netparams--
network_parameters(27, 6, 5.0, 3.7, 29.67413253642086, 59.34826507284172, 1.0)
--constparams--
constraint_parameters(1.0, 100.0, 8, 4)
--ALT--
[75.08487195810923, 68.94105480790226, 63.282607472117164, 57.704185205727356, 58.579012059689504, 54.73374192891866]
--POLRU--
[96.8007347170326, 89.72915803116685, 145.94054386929082, 127.26498604972122, 127.26498604972122, 124.43170694318707]
--POLFU--
[94.29585210438614, 86.81298984535235, 130.75652647904974, 115.6752775518602, 115.6752775518602, 112.52738311689568]
--POFIFO--
[97.35609007811075, 90.31299976754235, 148.8001936886183, 132.75940357413768, 132.75940357413768, 130.07094792979137]
--------
--params--
other_parameters(10, [0.2659832184041652, 0.158154567898778, 0.11668453387439633, 0.09403926870770386, 0.07954753629319324, 0.06938103894710407, 0.06180600983730833, 0.055916083718427094, 0.051188494248522606, 0.047299248070401284], 20, 0.6780815259918228, 1.1715728414583613, 1)
--netparams--
network_parameters(22, 1, 5.0, 3.7, 29.67413253642086, 59.34826507284172, 1.0)
--constparams--
constraint_parameters(1.0, 100.0, 8, 4)
--ALT--
[521.5281070321947, 399.6511654525848, 292.3186826432294, 200.61638245084595, 160.602437256397, 133.4700264413809]
--POLRU--
[526.1586543230966, 459.0118881788045, 421.24427161304624, 270.5434133153322, 205.40587068737335, 177.760174304237]
--POLFU--
[525.6922110206073, 454.2170353268512, 411.72928949273495, 260.7104099297519, 200.1233413315075, 172.78616269126022]
--POFIFO--
[526.4974810680037, 467.28754778309866, 434.12451715199626, 276.0377044808924, 208.8364511603653, 181.10787633296576]
--PORAND--
[526.31254421725, 466.7861871824108, 434.96943527137637, 275.06110348094387, 209.77291572644913, 179.63423485050552]
--------
--params--
other_parameters(10, [0.2659832184041652, 0.158154567898778, 0.11668453387439633, 0.09403926870770386, 0.07954753629319324, 0.06938103894710407, 0.06180600983730833, 0.055916083718427094, 0.051188494248522606, 0.047299248070401284], 20, 0.6780815259918228, 1.1715728414583613, 1)
--netparams--
network_parameters(22, 1, 5.0, 3.7, 29.67413253642086, 59.34826507284172, 1.0)
--constparams--
constraint_parameters(1.0, 100.0, 8, 4)
--------
--params--
other_parameters(10, [0.2659832184041652, 0.158154567898778, 0.11668453387439633, 0.09403926870770386, 0.07954753629319324, 0.06938103894710407, 0.06180600983730833, 0.055916083718427094, 0.051188494248522606, 0.047299248070401284], 20, 0.6780815259918228, 1.1715728414583613, 1)
--netparams--
network_parameters(22, 1, 5.0, 3.7, 29.67413253642086, 59.34826507284172, 1.0)
--constparams--
constraint_parameters(1.0, 100.0, 8, 4)
--ALT--
[346.2129833373554, 216.0599441829295, 183.54064798862507, 188.32237386130132, 157.28371621668006, 108.63474111147416]
--POLRU--
[350.11073175556334, 218.38791951999264, 212.7704525419523, 212.7704525419523, 182.03681142299698, 174.14272247750196]
--POLFU--
[349.62953787448697, 217.89607269658734, 209.23915876947808, 209.23915876947808, 178.6249545819862, 166.90014975540674]
--POFIFO--
[350.4570863191805, 218.90279844760227, 214.19956540531928, 214.19956540531928, 183.27579880977993, 177.25177726144614]
--------
--params--
other_parameters(10, [0.2659832184041652, 0.158154567898778, 0.11668453387439633, 0.09403926870770386, 0.07954753629319324, 0.06938103894710407, 0.06180600983730833, 0.055916083718427094, 0.051188494248522606, 0.047299248070401284], 20, 0.34698291662900094, 0.4886664133121402, 1)
--netparams--
network_parameters(22, 1, 5.0, 3.7, 29.67413253642086, 59.34826507284172, 1.0)
--constparams--
constraint_parameters(1.0, 500.0, 4, 2)
--ALT--
[200.9766073875307, 177.99826878108394, 131.79997799476368, 98.58245080064584, 64.67204443677018, 57.764206674529596]
--POLRU--
[204.20605485913745, 179.81059136167553, 134.12716139067592, 132.7937972060405, 81.1568065854901, 78.64992395913187]
--POLFU--
[204.02549794870788, 179.66224353855716, 133.82349807652733, 132.06091113060032, 80.39642920900525, 77.11270503518976]
--POFIFO--
[204.72332062076174, 180.3809622432965, 134.53058609448232, 135.4405858599665, 82.37240844240952, 79.79521320537975]
