--------
--params--
other_parameters(10, [0.2659832184041652, 0.158154567898778, 0.11668453387439633, 0.09403926870770386, 0.07954753629319324, 0.06938103894710407, 0.06180600983730833, 0.055916083718427094, 0.051188494248522606, 0.047299248070401284], 13, 0.13439663077159061, 0.1532507876689155, 1)
--netparams--
network_parameters(15, 1, 1.732, 3.7, 0.587240771374295, 1.17448154274859, 1.0)
--constparams--
constraint_parameters(1.0, 1000.0, 4, 2)
--ALT--
[139.62861241017717, 139.23088699695728, 119.81809583587824, 111.95507267405648, 102.52482507493723, 93.19564686065857, 91.37029137406564]
--POLRU--
[140.3479309511031, 140.35833049371357, 120.52612604709994, 113.62376973886317, 104.07560765174144, 94.94097278891994, 92.89894543203107]
--POLFU--
[140.30196911274163, 140.30470320729506, 120.4159498690322, 113.51020318579678, 103.94094006035805, 94.77289418436162, 92.75821622655796]
--------
--params--
other_parameters(10, [0.2659832184041652, 0.158154567898778, 0.11668453387439633, 0.09403926870770386, 0.07954753629319324, 0.06938103894710407, 0.06180600983730833, 0.055916083718427094, 0.051188494248522606, 0.047299248070401284], 13, 0.13439663077159061, 0.1532507876689155, 1)
--netparams--
network_parameters(15, 1, 1.732, 3.7, 0.587240771374295, 1.17448154274859, 1.0)
--constparams--
constraint_parameters(1.0, 1000.0, 6, 3)
--ALT--
[172.91171272835146, 125.09673254770688, 111.57424544749428, 108.36430774242812, 83.59250185749644, 90.24363500721424, 90.0663263123382]
--POLRU--
[170.71889027543824, 124.8972512470928, 111.42545461638359, 108.49345021326626, 83.59309707893942, 90.3830656337839, 90.93105879067471]
--POLFU--
[170.62164740663502, 124.77541643759812, 111.25182012749728, 108.4045088737167, 83.35496938612627, 90.20142101974415, 90.73845388862817]
--------
--params--
other_parameters(10, [0.2659832184041652, 0.158154567898778, 0.11668453387439633, 0.09403926870770386, 0.07954753629319324, 0.06938103894710407, 0.06180600983730833, 0.055916083718427094, 0.051188494248522606, 0.047299248070401284], 13, 0.19442597115728366, 0.23608435469436162, 1)
--netparams--
network_parameters(15, 1, 1.732, 3.7, 0.587240771374295, 1.17448154274859, 1.0)
--constparams--
constraint_parameters(1.0, 100.0, 4, 2)
--ALT--
[168.84672464460613, 136.6561036904429, 141.62351336567428, 121.20963198277322, 107.86780209420444, 94.51915026669036, 94.63990506819503]
--POLRU--
[174.26895982237897, 140.93038874059144, 146.7594274837749, 125.40629389957529, 111.96734928489045, 98.92373602262552, 98.49820077661438]
--POLFU--
[174.18171759456413, 140.80320006131961, 146.60375374473213, 125.17079218264165, 111.74964339442366, 98.61807059123274, 98.23092247485077]
--------
--params--
other_parameters(10, [0.2659832184041652, 0.158154567898778, 0.11668453387439633, 0.09403926870770386, 0.07954753629319324, 0.06938103894710407, 0.06180600983730833, 0.055916083718427094, 0.051188494248522606, 0.047299248070401284], 13, 4.337265307374076, 10.1329314292442, 1)
--netparams--
network_parameters(15, 1, 10.0, 3.7, 385.6461642000061, 771.2923284000123, 1.0)
--constparams--
constraint_parameters(1.0, 100.0, 4, 2)
--ALT--
[1738.4649969898562, 1598.986442975015, 1436.8787927451958, 1376.650808373369, 668.2253009303894, 477.8190562767218, 157.3945187850431]
--POLRU--
[1788.485801712304, 1646.595991413137, 1709.2594641869919, 1635.5277440566338, 885.5132411691768, 549.2774264615257, 217.95611429791563]
--POLFU--
[1786.2661697715998, 1645.2734182609317, 1675.9659188324263, 1619.4374563231208, 860.8259916380676, 540.2464694770247, 209.6650217833012]
--------
--params--
other_parameters(10, [0.2659832184041652, 0.158154567898778, 0.11668453387439633, 0.09403926870770386, 0.07954753629319324, 0.06938103894710407, 0.06180600983730833, 0.055916083718427094, 0.051188494248522606, 0.047299248070401284], 13, 0.19442597115728366, 0.23608435469436162, 1)
--netparams--
network_parameters(15, 1, 1.732, 3.7, 0.587240771374295, 1.17448154274859, 1.0)
--constparams--
constraint_parameters(1.0, 100.0, 4, 2)
--ALT--
[132.25834427074568, 124.54123883745106, 124.58383074767387, 111.3793653757312, 98.0544211429308, 98.12166328083133, 83.83766140520316]
--POLRU--
[134.8275587380796, 126.38480815302191, 126.15012313457424, 114.00466602576935, 101.01808602204545, 101.06145612189869, 86.0060856845559]
--POLFU--
[134.7493293809939, 126.33918760339897, 125.97425731416395, 113.81999098409555, 100.84916199980523, 100.86605405429624, 85.76662459027908]
--------
--params--
other_parameters(10, [0.2659832184041652, 0.158154567898778, 0.11668453387439633, 0.09403926870770386, 0.07954753629319324, 0.06938103894710407, 0.06180600983730833, 0.055916083718427094, 0.051188494248522606, 0.047299248070401284], 13, 1.6428700351600345e11, 4.107250002166875e11, 1)
--netparams--
network_parameters(15, 1, 1732.0, 3.7, 7.392923299247096e10, 1.4785846598494193e11, 100.0)
--constparams--
constraint_parameters(1.0, 45.0, 4, 2)
--ALT--
[1.3064869536349803e14, 1.070969371060296e14, 7.176556783823986e13, 6.5882299067011875e13, 4.804512161940541e13, 2.5439553135810875e13, 1.769448773420267e13]
--POLRU--
[1.3509497576166819e14, 1.109022557030113e14, 7.510011390865144e13, 7.048292819929928e13, 5.187137607864922e13, 3.1187827314856934e13, 2.411938901506347e13]
--POLFU--
[1.3501974973647048e14, 1.1067220680972134e14, 7.460579829285227e13, 7.002547166996015e13, 5.121027113334908e13, 3.071707393229585e13, 2.328869560244856e13]--------
--params--
other_parameters(10, [0.2659832184041652, 0.158154567898778, 0.11668453387439633, 0.09403926870770386, 0.07954753629319324, 0.06938103894710407, 0.06180600983730833, 0.055916083718427094, 0.051188494248522606, 0.047299248070401284], 13, 0.6780815259918228, 1.1715728414583613, 1)
--netparams--
network_parameters(15, 1, 5.0, 3.7, 29.67413253642086, 59.34826507284172, 1.0)
--constparams--
constraint_parameters(1.0, 100.0, 4, 2)
--------
--params--
other_parameters(10, [0.2659832184041652, 0.158154567898778, 0.11668453387439633, 0.09403926870770386, 0.07954753629319324, 0.06938103894710407, 0.06180600983730833, 0.055916083718427094, 0.051188494248522606, 0.047299248070401284], 13, 0.6780815259918228, 1.1715728414583613, 1)
--netparams--
network_parameters(18, 4, 5.0, 3.7, 29.67413253642086, 59.34826507284172, 1.0)
--constparams--
constraint_parameters(1.0, 100.0, 4, 2)
--------
--params--
other_parameters(10, [0.2659832184041652, 0.158154567898778, 0.11668453387439633, 0.09403926870770386, 0.07954753629319324, 0.06938103894710407, 0.06180600983730833, 0.055916083718427094, 0.051188494248522606, 0.047299248070401284], 13, 0.6780815259918228, 1.1715728414583613, 1)
--netparams--
network_parameters(18, 4, 5.0, 3.7, 29.67413253642086, 59.34826507284172, 1.0)
--constparams--
constraint_parameters(1.0, 100.0, 4, 2)
--ALT--
[68.25309778010651, 68.27865889283693, 68.27432269213604, 68.27676707041401, 58.627041360605986, 36.896303231230455, 34.544283018943204, 34.54407738792333, 33.608517309572]
--POLRU--
[9.584690876580451, 9.231802052857219, 9.348762629237429, 9.154575070145043, 8.219548356645715, 5.832720096692813, 5.563844344012259, 5.562956035223854, 6.180061177156376]
--POLFU--
[9.336413755404202, 8.961831985234543, 9.1109552102901, 8.859099193942349, 7.9680506391500785, 5.480833701454386, 5.218296162568106, 5.2318011096007115, 5.708712158784748]
--------
--params--
other_parameters(10, [0.13391410238634865, 0.11657899726573066, 0.10749841569133695, 0.10148791173817916, 0.09705821808927827, 0.0935828063335343, 0.09074165723521924, 0.08835035873141919, 0.08629344609881431, 0.08449408643013927], 13, 0.6780815259918228, 1.1715728414583613, 1)
--netparams--
network_parameters(15, 1, 5.0, 3.7, 29.67413253642086, 59.34826507284172, 1.0)
--constparams--
constraint_parameters(1.0, 100.0, 4, 2)
--ALT--
[246.16694452127774, 230.43382815917664, 231.04670374575375, 212.21902759031966, 194.46009569474785, 101.59692962249505, 67.16784885049108, 56.20128833700488, 33.618323148927004]
--POLRU--
[25.24383880267901, 27.334646492823087, 27.34333359390173, 27.462054163063517, 24.487078418394514, 15.981280539656561, 10.028983666381968, 9.02390168790102, 6.852915389007726]
--POLFU--
[25.23500141343139, 27.32863686367922, 27.388550595794573, 27.567749758480613, 24.2940396930174, 15.938795187218629, 9.896788773711569, 8.930887725766299, 6.8095177296700715]
--------
--params--
other_parameters(10, [0.13391410238634865, 0.11657899726573066, 0.10749841569133695, 0.10148791173817916, 0.09705821808927827, 0.0935828063335343, 0.09074165723521924, 0.08835035873141919, 0.08629344609881431, 0.08449408643013927], 13, 0.6780815259918228, 1.1715728414583613, 1)
--netparams--
network_parameters(15, 1, 5.0, 3.7, 29.67413253642086, 59.34826507284172, 1.0)
--constparams--
constraint_parameters(1.0, 100.0, 4, 2)
--ALT--
[14.779295567468273, 14.276865816995544, 14.27834980411152, 14.2703673613435, 10.743867410255723, 8.86845861822072, 7.693049562157303, 4.132455565855049, 4.335141933741672]
--POLRU--
[15.101779141934955, 16.105378910395014, 16.175212195045287, 16.250419682269168, 12.389549021379164, 12.767571706898009, 11.308918395266595, 7.476848602962616, 7.697357414729577]
--POLFU--
[15.087566351273033, 16.00893819464872, 16.215997952905912, 16.179213375276657, 12.511421626704827, 12.771104410063785, 11.125849850320737, 7.408016406948811, 7.564355164684254]
--------
--params--
other_parameters(5, [0.3723121794361257, 0.22137814639380524, 0.16333012802053015, 0.13163223339881358, 0.11134731275072539], 13, 0.6780815259918228, 1.1715728414583613, 1)
--netparams--
network_parameters(15, 1, 5.0, 3.7, 29.67413253642086, 59.34826507284172, 1.0)
--constparams--
constraint_parameters(1.0, 100.0, 4, 3)
--ALT--
[62.69318855300927, 48.94562403956076, 38.953591344967016, 25.92567582760219, 18.408487824643576, 11.65308545422213, 10.178974912890315, 8.9381165014154, 9.002454077379607]
--POLRU--
[61.88523262491353, 57.66471088235116, 38.72885934491255, 26.7857937011471, 19.15078093974513, 15.916839412053683, 14.904299732187589, 13.70866497189096, 13.160561840417065]
--POLFU--
[61.88161367501473, 56.036099984782894, 38.3523848305791, 26.132494523649495, 18.601827826746, 15.097874154897477, 14.029271651279519, 12.344117379443716, 12.260369762715598]
--------
--params--
other_parameters(10, [0.2659832184041652, 0.158154567898778, 0.11668453387439633, 0.09403926870770386, 0.07954753629319324, 0.06938103894710407, 0.06180600983730833, 0.055916083718427094, 0.051188494248522606, 0.047299248070401284], 13, 0.6780815259918228, 1.1715728414583613, 1)
--netparams--
network_parameters(15, 1, 5.0, 3.7, 29.67413253642086, 59.34826507284172, 1.0)
--constparams--
constraint_parameters(1.0, 100.0, 8, 6)
--ALT--
[25.33289591951013, 19.151325558662467, 14.534327798119332, 10.469133275918939, 8.463971947230597, 8.61558042687369, 6.674334923231709, 6.353888416002736, 6.235422356574594, 6.6961108535398495, 4.612723439344474, 4.772913244425348, 4.830641745310222]
--POLRU--
[30.054130476242687, 22.732536185628554, 14.475180719652345, 11.088630835295904, 12.940883439221771, 12.496454370208353, 8.55654981616249, 9.045481801998113, 8.621498811432911, 9.070262466773285, 7.748267840398363, 8.620030571195455, 8.765747050947038]
--POLFU--
[29.967206645484584, 22.173230012275315, 14.380814425139276, 11.014320313531018, 11.890447923367843, 11.763085514455963, 8.318629125296548, 8.816892461707846, 8.304862211502279, 7.953709705524648, 6.8592912575531715, 7.5083613609581645, 7.313580951125992]
--------
--params--
other_parameters(10, [0.2659832184041652, 0.158154567898778, 0.11668453387439633, 0.09403926870770386, 0.07954753629319324, 0.06938103894710407, 0.06180600983730833, 0.055916083718427094, 0.051188494248522606, 0.047299248070401284], 13, 0.6780815259918228, 1.1715728414583613, 1)
--netparams--
network_parameters(15, 1, 5.0, 3.7, 29.67413253642086, 59.34826507284172, 1.0)
--constparams--
constraint_parameters(1.0, 100.0, 4, 2)
--ALT--
[30.19388850475091, 30.040615275763006, 22.91034348938646, 19.79242801199673, 13.276244269338207, 14.23710386331974, 7.715187039158544, 7.641948291429566, 4.404347304053733, 3.90402734118883, 3.504596343092891, 3.418991998942454, 4.713525081639932]
--POLRU--
[34.54434874341481, 39.04381849111509, 35.58880067130146, 30.792751792675794, 20.578292758835975, 20.708608984585148, 13.320699715243078, 9.16934322620909, 8.492109180261775, 8.794526366281643, 8.055436282664822, 7.385069391218674, 10.567389872594184]
--POLFU--
[34.41500016605818, 37.67184689455169, 33.272651744838726, 29.09138526876869, 19.430028479717063, 19.526640973383394, 12.555353571204906, 8.286779441458375, 7.5116025421796335, 7.85963433204528, 7.16529274337004, 6.729485848190766, 9.477325565453834]
